         0.0     0.022     0.273     0.452     0.645     0.703
      1254.0     0.022     0.273     0.465     0.658     0.716
      2366.9     0.023     0.273     0.474     0.662     0.724
      3619.9     0.023     0.272     0.468     0.659     0.717
      4977.3     0.023     0.270     0.445     0.635     0.692
      6333.2     0.023     0.270     0.412     0.603     0.659
      7812.9     0.023     0.270     0.409     0.600     0.656
      9185.9     0.022     0.268     0.396     0.589     0.642
     10420.5     0.022     0.267     0.388     0.580     0.633
     11743.0     0.021     0.265     0.378     0.569     0.622
     12901.5     0.021     0.263     0.365     0.555     0.607
     14205.9     0.021     0.262     0.355     0.544     0.596
     15363.9     0.021     0.260     0.343     0.532     0.582
     16467.9     0.020     0.259     0.331     0.520     0.570
     17572.1     0.020     0.257     0.315     0.505     0.552
     18922.1     0.021     0.256     0.304     0.493     0.539
     20414.3     0.021     0.254     0.289     0.478     0.522
     21769.6     0.020     0.252     0.276     0.465     0.508
     23140.0     0.022     0.253     0.270     0.458     0.501
     24390.1     0.020     0.250     0.255     0.445     0.485
     25788.2     0.021     0.249     0.243     0.432     0.471
     27014.5     0.021     0.248     0.232     0.421     0.459
     28855.9     0.020     0.245     0.216     0.406     0.441
     30204.4     0.023     0.245     0.212     0.400     0.434
     32058.6     0.021     0.242     0.202     0.390     0.423
     33693.3     0.021     0.241     0.193     0.381     0.413
     35565.8     0.019     0.238     0.181     0.370     0.400
     37055.8     0.014     0.233     0.165     0.356     0.384
     38604.8     0.014     0.231     0.152     0.343     0.369
     40335.5     0.016     0.233     0.146     0.339     0.363
     42419.8     0.013     0.230     0.130     0.326     0.347
     44065.6     0.005     0.223     0.103     0.304     0.321
     45805.0     0.006     0.223     0.083     0.286     0.300
     47569.7     0.009     0.224     0.074     0.277     0.289
     48964.9     0.013     0.224     0.067     0.270     0.278
     50176.2     0.007     0.218     0.052     0.255     0.263
     51434.6     0.011     0.218     0.051     0.250     0.258
