280.00 	8.24 	8.93 	8.93 
280.25 	8.24 	8.92 	8.92 
280.50 	8.22 	8.91 	8.91 
280.75 	8.21 	8.91 	8.91 
281.00 	8.20 	8.90 	8.90 
281.25 	8.19 	8.89 	8.89 
281.50 	8.18 	8.88 	8.88 
281.75 	8.17 	8.87 	8.88 
282.00 	8.16 	8.86 	8.87 
282.25 	8.15 	8.86 	8.86 
282.50 	8.14 	8.85 	8.85 
282.75 	8.13 	8.84 	8.84 
283.00 	8.12 	8.84 	8.84 
283.25 	8.11 	8.83 	8.83 
283.50 	8.10 	8.82 	8.82 
283.75 	8.09 	8.81 	8.81 
284.00 	8.08 	8.81 	8.81 
284.25 	8.07 	8.80 	8.80 
284.50 	8.06 	8.79 	8.79 
284.75 	8.05 	8.78 	8.78 
285.00 	8.04 	8.77 	8.78 
285.25 	8.03 	8.77 	8.77 
285.50 	8.02 	8.76 	8.76 
285.75 	8.01 	8.76 	8.76 
286.00 	8.00 	8.75 	8.75 
286.25 	7.99 	8.74 	8.74 
286.50 	7.98 	8.74 	8.73 
286.75 	7.97 	8.73 	8.73 
287.00 	7.96 	8.72 	8.72 
287.25 	7.96 	8.71 	8.71 
287.50 	7.94 	8.70 	8.71 
287.75 	7.94 	8.70 	8.70 
288.00 	7.93 	8.69 	8.69 
288.25 	7.92 	8.68 	8.69 
288.50 	7.91 	8.68 	8.68 
288.75 	7.90 	8.67 	8.67 
289.00 	7.89 	8.67 	8.67 
289.25 	7.88 	8.65 	8.66 
289.50 	7.87 	8.65 	8.65 
289.75 	7.87 	8.64 	8.64 
290.00 	7.85 	8.64 	8.64 
290.25 	7.84 	8.63 	8.63 
290.50 	7.83 	8.62 	8.62 
290.75 	7.83 	8.62 	8.62 
291.00 	7.82 	8.61 	8.61 
291.25 	7.81 	8.60 	8.61 
291.50 	7.80 	8.60 	8.60 
291.75 	7.79 	8.59 	8.59 
292.00 	7.78 	8.59 	8.59 
292.25 	7.77 	8.58 	8.58 
292.50 	7.76 	8.57 	8.57 
292.75 	7.75 	8.57 	8.57 
293.00 	7.74 	8.56 	8.56 
293.25 	7.74 	8.55 	8.55 
293.50 	7.72 	8.55 	8.55 
293.75 	7.71 	8.54 	8.54 
294.00 	7.71 	8.53 	8.53 
294.25 	7.70 	8.53 	8.53 
294.50 	7.69 	8.52 	8.52 
294.75 	7.68 	8.51 	8.52 
295.00 	7.67 	8.51 	8.51 
295.25 	7.66 	8.50 	8.50 
295.50 	7.65 	8.50 	8.50 
295.75 	7.64 	8.49 	8.49 
296.00 	7.64 	8.48 	8.49 
296.25 	7.62 	8.47 	8.48 
296.50 	7.62 	8.47 	8.47 
296.75 	7.61 	8.46 	8.47 
297.00 	7.60 	8.46 	8.46 
297.25 	7.59 	8.45 	8.46 
297.50 	7.58 	8.45 	8.45 
297.75 	7.57 	8.44 	8.44 
298.00 	7.57 	8.44 	8.44 
298.25 	7.56 	8.43 	8.43 
298.50 	7.55 	8.42 	8.43 
298.75 	7.54 	8.42 	8.42 
299.00 	7.53 	8.41 	8.41 
299.25 	7.52 	8.41 	8.41 
299.50 	7.51 	8.41 	8.40 
299.75 	7.50 	8.40 	8.40 
300.00 	7.50 	8.39 	8.39 
300.25 	7.49 	8.39 	8.39 
300.50 	7.48 	8.38 	8.38 
300.75 	7.47 	8.37 	8.37 
301.00 	7.46 	8.37 	8.37 
301.25 	7.45 	8.36 	8.36 
301.50 	7.44 	8.36 	8.36 
301.75 	7.43 	8.35 	8.35 
302.00 	7.42 	8.35 	8.35 
302.25 	7.42 	8.34 	8.34 
302.50 	7.41 	8.34 	8.34 
302.75 	7.40 	8.33 	8.33 
303.00 	7.39 	8.33 	8.32 
303.25 	7.38 	8.32 	8.32 
303.50 	7.37 	8.32 	8.31 
303.75 	7.36 	8.31 	8.31 
304.00 	7.35 	8.30 	8.30 
304.25 	7.35 	8.30 	8.30 
304.50 	7.33 	8.29 	8.29 
304.75 	7.32 	8.29 	8.29 
305.00 	7.32 	8.28 	8.28 
305.25 	7.31 	8.27 	8.27 
305.50 	7.30 	8.27 	8.27 
305.75 	7.29 	8.27 	8.26 
306.00 	7.28 	8.26 	8.26 
306.25 	7.27 	8.25 	8.25 
306.50 	7.26 	8.25 	8.25 
306.75 	7.26 	8.24 	8.24 
307.00 	7.24 	8.24 	8.24 
307.25 	7.23 	8.23 	8.23 
307.50 	7.23 	8.23 	8.23 
307.75 	7.22 	8.22 	8.22 
308.00 	7.21 	8.22 	8.21 
308.25 	7.20 	8.21 	8.21 
308.50 	7.19 	8.20 	8.20 
308.75 	7.18 	8.20 	8.20 
309.00 	7.17 	8.19 	8.19 
309.25 	7.16 	8.19 	8.19 
309.50 	7.16 	8.18 	8.18 
309.75 	7.15 	8.18 	8.18 
310.00 	7.14 	8.17 	8.17 
310.25 	7.13 	8.17 	8.17 
310.50 	7.12 	8.16 	8.16 
310.75 	7.11 	8.15 	8.15 
311.00 	7.10 	8.15 	8.15 
311.25 	7.09 	8.15 	8.14 
311.50 	7.09 	8.14 	8.14 
311.75 	7.08 	8.13 	8.13 
312.00 	7.07 	8.13 	8.13 
312.25 	7.06 	8.12 	8.12 
312.50 	7.05 	8.12 	8.12 
312.75 	7.04 	8.11 	8.11 
313.00 	7.03 	8.11 	8.11 
313.25 	7.02 	8.10 	8.10 
313.50 	7.02 	8.10 	8.09 
313.75 	7.01 	8.09 	8.09 
314.00 	7.00 	8.08 	8.08 
314.25 	6.99 	8.08 	8.08 
314.50 	6.98 	8.07 	8.07 
314.75 	6.97 	8.07 	8.07 
315.00 	6.96 	8.06 	8.06 
315.25 	6.96 	8.06 	8.06 
315.50 	6.95 	8.05 	8.05 
315.75 	6.93 	8.05 	8.04 
316.00 	6.93 	8.04 	8.04 
316.25 	6.93 	8.03 	8.03 
316.50 	6.92 	8.03 	8.03 
316.75 	6.91 	8.02 	8.02 
317.00 	6.90 	8.01 	8.02 
317.25 	6.89 	8.01 	8.01 
317.50 	6.88 	8.01 	8.01 
317.75 	6.87 	8.00 	8.00 
318.00 	6.86 	8.00 	7.99 
318.25 	6.86 	7.99 	7.99 
318.50 	6.85 	7.98 	7.98 
318.75 	6.84 	7.98 	7.98 
319.00 	6.83 	7.97 	7.97 
319.25 	6.82 	7.96 	7.97 
319.50 	6.82 	7.96 	7.96 
319.75 	6.81 	7.96 	7.95 
320.00 	6.80 	7.95 	7.95 
320.25 	6.79 	7.94 	7.94 
320.50 	6.78 	7.94 	7.94 
320.75 	6.77 	7.93 	7.93 
321.00 	6.77 	7.93 	7.92 
321.25 	6.76 	7.92 	7.92 
321.50 	6.75 	7.91 	7.91 
321.75 	6.74 	7.91 	7.91 
322.00 	6.74 	7.90 	7.90 
322.25 	6.73 	7.90 	7.90 
322.50 	6.72 	7.89 	7.89 
322.75 	6.71 	7.88 	7.88 
323.00 	6.70 	7.88 	7.88 
323.25 	6.69 	7.87 	7.87 
323.50 	6.68 	7.87 	7.87 
323.75 	6.68 	7.86 	7.86 
324.00 	6.67 	7.85 	7.86 
324.25 	6.66 	7.85 	7.85 
324.50 	6.65 	7.84 	7.84 
324.75 	6.64 	7.84 	7.84 
325.00 	6.64 	7.83 	7.83 
325.25 	6.64 	7.83 	7.83 
325.50 	6.62 	7.82 	7.82 
325.75 	6.62 	7.81 	7.81 
326.00 	6.61 	7.81 	7.81 
326.25 	6.60 	7.80 	7.80 
326.50 	6.60 	7.80 	7.80 
326.75 	6.58 	7.79 	7.79 
327.00 	6.58 	7.79 	7.78 
327.25 	6.57 	7.78 	7.78 
327.50 	6.57 	7.77 	7.77 
327.75 	6.56 	7.77 	7.77 
328.00 	6.55 	7.76 	7.76 
328.25 	6.54 	7.76 	7.76 
328.50 	6.53 	7.75 	7.75 
328.75 	6.53 	7.75 	7.74 
329.00 	6.52 	7.74 	7.74 
329.25 	6.51 	7.73 	7.73 
329.50 	6.50 	7.73 	7.73 
329.75 	6.50 	7.72 	7.72 
330.00 	6.49 	7.72 	7.71 
330.25 	6.48 	7.71 	7.71 
330.50 	6.47 	7.70 	7.70 
330.75 	6.47 	7.70 	7.70 
331.00 	6.46 	7.69 	7.69 
331.25 	6.46 	7.69 	7.69 
331.50 	6.45 	7.68 	7.68 
331.75 	6.44 	7.67 	7.67 
332.00 	6.43 	7.67 	7.67 
332.25 	6.43 	7.66 	7.66 
332.50 	6.42 	7.66 	7.66 
332.75 	6.42 	7.65 	7.65 
333.00 	6.40 	7.64 	7.64 
333.25 	6.40 	7.64 	7.64 
333.50 	6.39 	7.63 	7.63 
333.75 	6.39 	7.63 	7.63 
334.00 	6.38 	7.62 	7.62 
334.25 	6.38 	7.62 	7.62 
334.50 	6.36 	7.61 	7.61 
334.75 	6.36 	7.60 	7.60 
335.00 	6.36 	7.60 	7.60 
335.25 	6.34 	7.59 	7.59 
335.50 	6.34 	7.59 	7.59 
335.75 	6.33 	7.58 	7.58 
336.00 	6.33 	7.57 	7.57 
336.25 	6.32 	7.57 	7.57 
336.50 	6.31 	7.56 	7.56 
336.75 	6.31 	7.56 	7.56 
337.00 	6.30 	7.55 	7.55 
337.25 	6.30 	7.55 	7.55 
337.50 	6.29 	7.54 	7.54 
337.75 	6.28 	7.53 	7.54 
338.00 	6.28 	7.53 	7.53 
338.25 	6.27 	7.52 	7.52 
338.50 	6.26 	7.52 	7.52 
338.75 	6.26 	7.51 	7.51 
339.00 	6.25 	7.51 	7.51 
339.25 	6.25 	7.50 	7.50 
339.50 	6.24 	7.50 	7.50 
339.75 	6.23 	7.49 	7.49 
340.00 	6.23 	7.48 	7.48 
340.25 	6.23 	7.48 	7.48 
340.50 	6.22 	7.47 	7.47 
340.75 	6.21 	7.47 	7.47 
341.00 	6.21 	7.46 	7.46 
341.25 	6.20 	7.46 	7.46 
341.50 	6.20 	7.45 	7.45 
341.75 	6.19 	7.45 	7.45 
342.00 	6.18 	7.44 	7.44 
342.25 	6.17 	7.44 	7.44 
342.50 	6.17 	7.43 	7.43 
342.75 	6.16 	7.43 	7.43 
343.00 	6.16 	7.42 	7.42 
343.25 	6.15 	7.41 	7.41 
343.50 	6.15 	7.41 	7.41 
343.75 	6.13 	7.40 	7.40 
344.00 	6.14 	7.40 	7.40 
344.25 	6.13 	7.39 	7.39 
344.50 	6.13 	7.39 	7.39 
344.75 	6.12 	7.38 	7.38 
345.00 	6.11 	7.38 	7.38 
345.25 	6.11 	7.37 	7.37 
345.50 	6.10 	7.37 	7.37 
345.75 	6.10 	7.36 	7.36 
346.00 	6.10 	7.36 	7.36 
346.25 	6.09 	7.35 	7.35 
346.50 	6.08 	7.35 	7.34 
346.75 	6.08 	7.34 	7.34 
347.00 	6.07 	7.34 	7.33 
347.25 	6.06 	7.33 	7.33 
347.50 	6.05 	7.32 	7.32 
347.75 	6.05 	7.32 	7.32 
348.00 	6.05 	7.31 	7.31 
348.25 	6.04 	7.31 	7.31 
348.50 	6.04 	7.30 	7.30 
348.75 	6.03 	7.30 	7.30 
349.00 	6.02 	7.29 	7.29 
349.25 	6.02 	7.29 	7.29 
349.50 	6.01 	7.28 	7.28 
349.75 	6.01 	7.28 	7.28 
350.00 	6.01 	7.27 	7.27 
350.25 	6.00 	7.26 	7.26 
350.50 	6.00 	7.26 	7.26 
350.75 	5.99 	7.25 	7.25 
351.00 	5.98 	7.25 	7.25 
351.25 	5.98 	7.24 	7.24 
351.50 	5.98 	7.24 	7.24 
351.75 	5.97 	7.23 	7.23 
352.00 	5.96 	7.23 	7.23 
352.25 	5.96 	7.22 	7.22 
352.50 	5.96 	7.22 	7.22 
352.75 	5.96 	7.21 	7.21 
353.00 	5.95 	7.21 	7.21 
353.25 	5.94 	7.20 	7.20 
353.50 	5.93 	7.20 	7.19 
353.75 	5.93 	7.19 	7.19 
354.00 	5.92 	7.18 	7.18 
354.25 	5.92 	7.18 	7.18 
354.50 	5.91 	7.17 	7.17 
354.75 	5.91 	7.17 	7.17 
355.00 	5.90 	7.16 	7.16 
355.25 	5.90 	7.16 	7.16 
355.50 	5.89 	7.15 	7.15 
355.75 	5.89 	7.15 	7.14 
356.00 	5.89 	7.14 	7.14 
356.25 	5.89 	7.14 	7.13 
356.50 	5.88 	7.13 	7.13 
356.75 	5.87 	7.12 	7.12 
357.00 	5.86 	7.12 	7.12 
357.25 	5.86 	7.11 	7.11 
357.50 	5.85 	7.11 	7.11 
357.75 	5.85 	7.10 	7.10 
358.00 	5.85 	7.10 	7.09 
358.25 	5.84 	7.09 	7.09 
358.50 	5.82 	7.08 	7.08 
358.75 	5.82 	7.08 	7.08 
359.00 	5.83 	7.07 	7.07 
359.25 	5.82 	7.07 	7.07 
359.50 	5.82 	7.06 	7.06 
359.75 	5.81 	7.06 	7.05 
360.00 	5.81 	7.05 	7.05 
360.25 	5.80 	7.05 	7.04 
360.50 	5.79 	7.04 	7.04 
360.75 	5.80 	7.03 	7.03 
361.00 	5.78 	7.03 	7.03 
361.25 	5.78 	7.02 	7.02 
361.50 	5.78 	7.02 	7.01 
361.75 	5.77 	7.01 	7.01 
362.00 	5.77 	7.00 	7.00 
362.25 	5.76 	7.00 	7.00 
362.50 	5.76 	6.99 	6.99 
362.75 	5.75 	6.99 	6.98 
363.00 	5.75 	6.98 	6.98 
363.25 	5.75 	6.97 	6.97 
363.50 	5.74 	6.97 	6.97 
363.75 	5.73 	6.96 	6.96 
364.00 	5.73 	6.96 	6.95 
364.25 	5.73 	6.95 	6.95 
364.50 	5.72 	6.94 	6.94 
364.75 	5.72 	6.94 	6.93 
365.00 	5.71 	6.93 	6.93 
365.25 	5.71 	6.92 	6.92 
365.50 	5.70 	6.92 	6.91 
365.75 	5.70 	6.91 	6.91 
366.00 	5.69 	6.91 	6.90 
366.25 	5.68 	6.90 	6.89 
366.50 	5.68 	6.89 	6.89 
366.75 	5.68 	6.89 	6.88 
367.00 	5.68 	6.88 	6.87 
367.25 	5.66 	6.87 	6.86 
367.50 	5.67 	6.86 	6.86 
367.75 	5.66 	6.86 	6.85 
368.00 	5.66 	6.85 	6.84 
368.25 	5.65 	6.84 	6.83 
368.50 	5.65 	6.83 	6.83 
368.75 	5.64 	6.83 	6.82 
369.00 	5.63 	6.82 	6.81 
369.25 	5.63 	6.81 	6.80 
369.50 	5.63 	6.80 	6.79 
369.75 	5.62 	6.79 	6.78 
370.00 	5.62 	6.78 	6.78 
370.25 	5.61 	6.78 	6.77 
370.50 	5.61 	6.77 	6.76 
370.75 	5.60 	6.76 	6.75 
371.00 	5.60 	6.75 	6.74 
371.25 	5.60 	6.74 	6.73 
371.50 	5.58 	6.73 	6.72 
371.75 	5.59 	6.72 	6.71 
372.00 	5.58 	6.71 	6.70 
372.25 	5.58 	6.70 	6.69 
372.50 	5.57 	6.69 	6.68 
372.75 	5.57 	6.68 	6.67 
373.00 	5.56 	6.67 	6.66 
373.25 	5.55 	6.66 	6.65 
373.50 	5.55 	6.65 	6.64 
373.75 	5.54 	6.64 	6.63 
374.00 	5.54 	6.63 	6.62 
374.25 	5.54 	6.62 	6.61 
374.50 	5.54 	6.61 	6.60 
374.75 	5.53 	6.59 	6.59 
375.00 	5.53 	6.58 	6.58 
375.25 	5.52 	6.57 	6.56 
375.50 	5.52 	6.56 	6.55 
375.75 	5.51 	6.55 	6.54 
376.00 	5.51 	6.54 	6.53 
376.25 	5.50 	6.52 	6.52 
376.50 	5.50 	6.51 	6.51 
376.75 	5.50 	6.50 	6.49 
377.00 	5.49 	6.49 	6.48 
377.25 	5.48 	6.47 	6.47 
377.50 	5.48 	6.46 	6.46 
377.75 	5.48 	6.45 	6.45 
378.00 	5.47 	6.44 	6.43 
378.25 	5.47 	6.42 	6.42 
378.50 	5.46 	6.41 	6.41 
378.75 	5.46 	6.40 	6.40 
379.00 	5.45 	6.39 	6.39 
379.25 	5.45 	6.37 	6.37 
379.50 	5.44 	6.36 	6.36 
379.75 	5.44 	6.35 	6.35 
380.00 	5.44 	6.34 	6.34 
380.25 	5.43 	6.32 	6.32 
380.50 	5.43 	6.31 	6.31 
380.75 	5.43 	6.30 	6.30 
381.00 	5.42 	6.29 	6.29 
381.25 	5.41 	6.27 	6.27 
381.50 	5.41 	6.26 	6.26 
381.75 	5.41 	6.25 	6.25 
382.00 	5.40 	6.24 	6.24 
382.25 	5.40 	6.22 	6.23 
382.50 	5.39 	6.21 	6.21 
382.75 	5.39 	6.20 	6.20 
383.00 	5.38 	6.19 	6.19 
383.25 	5.38 	6.18 	6.18 
383.50 	5.38 	6.16 	6.17 
383.75 	5.37 	6.15 	6.15 
384.00 	5.36 	6.14 	6.14 
384.25 	5.36 	6.13 	6.13 
384.50 	5.35 	6.12 	6.12 
384.75 	5.35 	6.10 	6.11 
385.00 	5.35 	6.09 	6.10 
385.25 	5.35 	6.08 	6.08 
385.50 	5.33 	6.07 	6.07 
385.75 	5.33 	6.06 	6.06 
386.00 	5.33 	6.05 	6.05 
386.25 	5.32 	6.04 	6.04 
386.50 	5.32 	6.02 	6.03 
386.75 	5.31 	6.01 	6.02 
387.00 	5.31 	6.00 	6.00 
387.25 	5.31 	5.99 	5.99 
387.50 	5.31 	5.98 	5.98 
387.75 	5.30 	5.97 	5.97 
388.00 	5.30 	5.96 	5.96 
388.25 	5.29 	5.95 	5.95 
388.50 	5.28 	5.94 	5.94 
388.75 	5.28 	5.92 	5.93 
389.00 	5.27 	5.91 	5.92 
389.25 	5.27 	5.90 	5.90 
389.50 	5.27 	5.89 	5.89 
389.75 	5.26 	5.88 	5.88 
390.00 	5.26 	5.87 	5.87 
390.25 	5.25 	5.86 	5.86 
390.50 	5.25 	5.85 	5.85 
390.75 	5.25 	5.84 	5.84 
391.00 	5.24 	5.83 	5.83 
391.25 	5.24 	5.82 	5.82 
391.50 	5.23 	5.81 	5.81 
391.75 	5.23 	5.80 	5.80 
392.00 	5.22 	5.78 	5.79 
392.25 	5.21 	5.77 	5.78 
392.50 	5.21 	5.76 	5.77 
392.75 	5.21 	5.75 	5.76 
393.00 	5.20 	5.74 	5.75 
393.25 	5.20 	5.73 	5.73 
393.50 	5.20 	5.72 	5.72 
393.75 	5.20 	5.71 	5.71 
394.00 	5.18 	5.70 	5.70 
394.25 	5.18 	5.69 	5.69 
394.50 	5.18 	5.68 	5.68 
394.75 	5.18 	5.67 	5.67 
395.00 	5.17 	5.66 	5.66 
395.25 	5.17 	5.65 	5.65 
395.50 	5.16 	5.64 	5.64 
395.75 	5.15 	5.63 	5.63 
396.00 	5.16 	5.62 	5.62 
396.25 	5.15 	5.61 	5.61 
396.50 	5.15 	5.60 	5.60 
396.75 	5.14 	5.59 	5.59 
397.00 	5.14 	5.58 	5.58 
397.25 	5.14 	5.57 	5.57 
397.50 	5.12 	5.56 	5.56 
397.75 	5.12 	5.55 	5.55 
398.00 	5.12 	5.54 	5.54 
398.25 	5.12 	5.53 	5.53 
398.50 	5.11 	5.52 	5.52 
398.75 	5.11 	5.51 	5.51 
399.00 	5.10 	5.50 	5.50 
399.25 	5.09 	5.49 	5.49 
399.50 	5.09 	5.48 	5.49 
399.75 	5.08 	5.48 	5.48 
400.00 	5.08 	5.47 	5.47 
400.25 	5.07 	5.46 	5.46 
400.50 	5.07 	5.45 	5.45 
400.75 	5.07 	5.44 	5.44 
401.00 	5.06 	5.43 	5.43 
401.25 	5.06 	5.42 	5.42 
401.50 	5.05 	5.41 	5.41 
401.75 	5.05 	5.40 	5.40 
402.00 	5.04 	5.39 	5.39 
402.25 	5.04 	5.38 	5.38 
402.50 	5.04 	5.37 	5.37 
402.75 	5.04 	5.36 	5.36 
403.00 	5.03 	5.35 	5.35 
403.25 	5.02 	5.34 	5.34 
403.50 	5.02 	5.33 	5.33 
403.75 	5.01 	5.32 	5.32 
404.00 	5.01 	5.31 	5.31 
404.25 	5.00 	5.30 	5.30 
404.50 	5.00 	5.29 	5.29 
404.75 	5.00 	5.29 	5.29 
405.00 	4.99 	5.28 	5.28 
405.25 	4.99 	5.27 	5.27 
405.50 	4.99 	5.26 	5.26 
405.75 	4.98 	5.25 	5.25 
406.00 	4.98 	5.24 	5.24 
406.25 	4.97 	5.23 	5.23 
406.50 	4.96 	5.22 	5.22 
406.75 	4.96 	5.21 	5.21 
407.00 	4.96 	5.20 	5.20 
407.25 	4.95 	5.19 	5.19 
407.50 	4.95 	5.18 	5.18 
407.75 	4.94 	5.17 	5.17 
408.00 	4.94 	5.16 	5.16 
408.25 	4.94 	5.15 	5.16 
408.50 	4.93 	5.15 	5.15 
408.75 	4.92 	5.14 	5.14 
409.00 	4.92 	5.13 	5.13 
409.25 	4.92 	5.12 	5.12 
409.50 	4.92 	5.11 	5.11 
409.75 	4.91 	5.10 	5.10 
410.00 	4.90 	5.09 	5.09 
410.25 	4.90 	5.08 	5.08 
410.50 	4.89 	5.07 	5.07 
410.75 	4.89 	5.06 	5.06 
411.00 	4.88 	5.05 	5.05 
411.25 	4.88 	5.05 	5.05 
411.50 	4.88 	5.04 	5.04 
411.75 	4.87 	5.03 	5.03 
412.00 	4.87 	5.02 	5.02 
412.25 	4.86 	5.01 	5.01 
412.50 	4.86 	5.00 	5.00 
412.75 	4.86 	4.99 	4.99 
413.00 	4.85 	4.98 	4.98 
413.25 	4.85 	4.97 	4.97 
413.50 	4.84 	4.96 	4.97 
413.75 	4.84 	4.96 	4.96 
414.00 	4.83 	4.95 	4.95 
414.25 	4.83 	4.94 	4.94 
414.50 	4.82 	4.93 	4.93 
414.75 	4.82 	4.92 	4.92 
415.00 	4.82 	4.91 	4.91 
415.25 	4.82 	4.90 	4.90 
415.50 	4.81 	4.89 	4.89 
415.75 	4.80 	4.89 	4.89 
416.00 	4.80 	4.88 	4.88 
416.25 	4.80 	4.87 	4.87 
416.50 	4.79 	4.86 	4.86 
416.75 	4.79 	4.85 	4.85 
417.00 	4.78 	4.84 	4.84 
417.25 	4.78 	4.83 	4.83 
417.50 	4.78 	4.82 	4.82 
417.75 	4.77 	4.82 	4.82 
418.00 	4.76 	4.81 	4.81 
418.25 	4.76 	4.80 	4.80 
418.50 	4.76 	4.79 	4.79 
418.75 	4.75 	4.78 	4.78 
419.00 	4.74 	4.77 	4.77 
419.25 	4.75 	4.76 	4.76 
419.50 	4.74 	4.76 	4.76 
419.75 	4.74 	4.75 	4.75 
420.00 	4.73 	4.74 	4.74 
420.25 	4.73 	4.73 	4.73 
420.50 	4.72 	4.72 	4.72 
420.75 	4.72 	4.71 	4.71 
421.00 	4.71 	4.70 	4.70 
421.25 	4.71 	4.70 	4.70 
421.50 	4.71 	4.69 	4.69 
421.75 	4.70 	4.68 	4.68 
422.00 	4.70 	4.67 	4.67 
422.25 	4.69 	4.66 	4.66 
422.50 	4.69 	4.65 	4.65 
422.75 	4.68 	4.65 	4.64 
423.00 	4.68 	4.64 	4.64 
423.25 	4.67 	4.63 	4.63 
423.50 	4.67 	4.62 	4.62 
423.75 	4.67 	4.61 	4.61 
424.00 	4.66 	4.60 	4.60 
424.25 	4.66 	4.59 	4.59 
424.50 	4.66 	4.58 	4.59 
424.75 	4.65 	4.58 	4.58 
425.00 	4.65 	4.57 	4.57 
425.25 	4.64 	4.56 	4.56 
425.50 	4.64 	4.55 	4.55 
425.75 	4.63 	4.54 	4.54 
426.00 	4.63 	4.53 	4.54 
426.25 	4.63 	4.53 	4.53 
426.50 	4.63 	4.52 	4.52 
426.75 	4.62 	4.51 	4.51 
427.00 	4.62 	4.50 	4.50 
427.25 	4.61 	4.49 	4.49 
427.50 	4.61 	4.49 	4.49 
427.75 	4.61 	4.48 	4.48 
428.00 	4.60 	4.47 	4.47 
428.25 	4.60 	4.46 	4.46 
428.50 	4.60 	4.45 	4.45 
428.75 	4.59 	4.44 	4.45 
429.00 	4.59 	4.44 	4.44 
429.25 	4.58 	4.43 	4.43 
429.50 	4.58 	4.42 	4.42 
429.75 	4.58 	4.41 	4.41 
430.00 	4.57 	4.40 	4.40 
430.25 	4.57 	4.40 	4.40 
430.50 	4.56 	4.39 	4.39 
430.75 	4.56 	4.38 	4.38 
431.00 	4.56 	4.37 	4.37 
431.25 	4.56 	4.36 	4.37 
431.50 	4.55 	4.36 	4.36 
431.75 	4.55 	4.35 	4.35 
432.00 	4.54 	4.34 	4.34 
432.25 	4.53 	4.33 	4.33 
432.50 	4.53 	4.32 	4.33 
432.75 	4.53 	4.32 	4.32 
433.00 	4.53 	4.31 	4.31 
433.25 	4.52 	4.30 	4.30 
433.50 	4.52 	4.29 	4.29 
433.75 	4.52 	4.29 	4.29 
434.00 	4.51 	4.28 	4.28 
434.25 	4.51 	4.27 	4.27 
434.50 	4.50 	4.26 	4.26 
434.75 	4.50 	4.26 	4.26 
435.00 	4.50 	4.25 	4.25 
435.25 	4.49 	4.24 	4.24 
435.50 	4.49 	4.23 	4.23 
435.75 	4.48 	4.23 	4.23 
436.00 	4.48 	4.22 	4.22 
436.25 	4.48 	4.21 	4.21 
436.50 	4.47 	4.20 	4.20 
436.75 	4.47 	4.20 	4.20 
437.00 	4.47 	4.19 	4.19 
437.25 	4.46 	4.18 	4.18 
437.50 	4.46 	4.17 	4.17 
437.75 	4.45 	4.17 	4.16 
438.00 	4.45 	4.16 	4.16 
438.25 	4.45 	4.15 	4.15 
438.50 	4.44 	4.14 	4.14 
438.75 	4.44 	4.14 	4.13 
439.00 	4.44 	4.13 	4.13 
439.25 	4.43 	4.12 	4.12 
439.50 	4.43 	4.11 	4.11 
439.75 	4.43 	4.10 	4.10 
440.00 	4.42 	4.10 	4.10 
440.25 	4.42 	4.09 	4.09 
440.50 	4.41 	4.08 	4.08 
440.75 	4.41 	4.07 	4.07 
441.00 	4.40 	4.07 	4.07 
441.25 	4.40 	4.06 	4.06 
441.50 	4.40 	4.05 	4.05 
441.75 	4.40 	4.04 	4.04 
442.00 	4.39 	4.04 	4.04 
442.25 	4.39 	4.03 	4.03 
442.50 	4.38 	4.02 	4.02 
442.75 	4.38 	4.01 	4.01 
443.00 	4.38 	4.01 	4.01 
443.25 	4.37 	4.00 	4.00 
443.50 	4.36 	3.99 	3.99 
443.75 	4.36 	3.99 	3.99 
444.00 	4.36 	3.98 	3.98 
444.25 	4.36 	3.97 	3.97 
444.50 	4.35 	3.96 	3.96 
444.75 	4.35 	3.96 	3.96 
445.00 	4.35 	3.95 	3.95 
445.25 	4.34 	3.94 	3.94 
445.50 	4.33 	3.93 	3.93 
445.75 	4.33 	3.93 	3.93 
446.00 	4.33 	3.92 	3.92 
446.25 	4.33 	3.91 	3.91 
446.50 	4.33 	3.90 	3.90 
446.75 	4.32 	3.90 	3.90 
447.00 	4.31 	3.89 	3.89 
447.25 	4.31 	3.88 	3.88 
447.50 	4.31 	3.88 	3.88 
447.75 	4.30 	3.87 	3.87 
448.00 	4.30 	3.86 	3.86 
448.25 	4.30 	3.85 	3.85 
448.50 	4.29 	3.85 	3.85 
448.75 	4.29 	3.84 	3.84 
449.00 	4.29 	3.83 	3.84 
449.25 	4.28 	3.82 	3.83 
449.50 	4.28 	3.82 	3.82 
449.75 	4.27 	3.81 	3.82 
450.00 	4.27 	3.80 	3.81 
450.25 	4.27 	3.80 	3.81 
450.50 	4.26 	3.79 	3.80 
450.75 	4.26 	3.78 	3.80 
451.00 	4.26 	3.77 	3.79 
451.25 	4.25 	3.77 	3.79 
451.50 	4.25 	3.76 	3.78 
451.75 	4.25 	3.75 	3.77 
452.00 	4.24 	3.75 	3.77 
452.25 	4.24 	3.74 	3.76 
452.50 	4.23 	3.73 	3.76 
452.75 	4.23 	3.73 	3.75 
453.00 	4.23 	3.75 	3.75 
453.25 	4.22 	3.75 	3.74 
453.50 	4.22 	3.75 	3.74 
453.75 	4.22 	3.74 	3.73 
454.00 	4.22 	3.75 	3.73 
454.25 	4.21 	3.74 	3.72 
454.50 	4.21 	3.74 	3.72 
454.75 	4.21 	3.73 	3.71 
455.00 	4.20 	3.72 	3.70 
455.25 	4.19 	3.71 	3.70 
455.50 	4.20 	3.71 	3.70 
455.75 	4.19 	3.70 	3.69 
456.00 	4.19 	3.69 	3.69 
456.25 	4.18 	3.69 	3.68 
456.50 	4.18 	3.68 	3.68 
456.75 	4.18 	3.67 	3.68 
457.00 	4.18 	3.67 	3.67 
457.25 	4.17 	3.66 	3.67 
457.50 	4.17 	3.65 	3.67 
457.75 	4.16 	3.65 	3.66 
458.00 	4.16 	3.64 	3.66 
458.25 	4.16 	3.64 	3.66 
458.50 	4.16 	3.63 	3.65 
458.75 	4.15 	3.62 	3.65 
459.00 	4.15 	3.62 	3.64 
459.25 	4.15 	3.61 	3.64 
459.50 	4.14 	3.61 	3.64 
459.75 	4.14 	3.60 	3.63 
460.00 	4.14 	3.61 	3.63 
460.25 	4.13 	3.61 	3.63 
460.50 	4.13 	3.60 	3.63 
460.75 	4.13 	3.60 	3.62 
461.00 	4.12 	3.62 	3.62 
461.25 	4.12 	3.62 	3.62 
461.50 	4.12 	3.61 	3.62 
461.75 	4.11 	3.61 	3.61 
462.00 	4.11 	3.62 	3.61 
462.25 	4.11 	3.62 	3.61 
462.50 	4.10 	3.61 	3.61 
462.75 	4.10 	3.61 	3.61 
463.00 	4.10 	3.61 	3.61 
463.25 	4.10 	3.61 	3.60 
463.50 	4.09 	3.61 	3.60 
463.75 	4.09 	3.61 	3.60 
464.00 	4.09 	3.61 	3.60 
464.25 	4.08 	3.60 	3.60 
464.50 	4.08 	3.60 	3.60 
464.75 	4.08 	3.60 	3.60 
465.00 	4.07 	3.60 	3.60 
465.25 	4.07 	3.60 	3.60 
465.50 	4.07 	3.60 	3.59 
465.75 	4.07 	3.60 	3.59 
466.00 	4.06 	3.59 	3.59 
466.25 	4.06 	3.59 	3.59 
466.50 	4.06 	3.59 	3.59 
466.75 	4.05 	3.59 	3.59 
467.00 	4.04 	3.59 	3.58 
467.25 	4.04 	3.59 	3.58 
467.50 	4.04 	3.59 	3.58 
467.75 	4.04 	3.59 	3.58 
468.00 	4.04 	3.58 	3.57 
468.25 	4.03 	3.58 	3.57 
468.50 	4.03 	3.58 	3.57 
468.75 	4.03 	3.58 	3.57 
469.00 	4.03 	3.57 	3.56 
469.25 	4.02 	3.57 	3.56 
469.50 	4.02 	3.57 	3.56 
469.75 	4.02 	3.56 	3.56 
470.00 	4.01 	3.56 	3.55 
470.25 	4.01 	3.56 	3.55 
470.50 	4.01 	3.55 	3.55 
470.75 	4.01 	3.55 	3.54 
471.00 	4.00 	3.55 	3.54 
471.25 	4.00 	3.54 	3.54 
471.50 	3.99 	3.54 	3.53 
471.75 	3.99 	3.54 	3.53 
472.00 	3.99 	3.53 	3.52 
472.25 	3.99 	3.53 	3.52 
472.50 	3.98 	3.52 	3.52 
472.75 	3.98 	3.52 	3.51 
473.00 	3.98 	3.51 	3.51 
473.25 	3.98 	3.51 	3.50 
473.50 	3.97 	3.50 	3.50 
473.75 	3.97 	3.50 	3.50 
474.00 	3.97 	3.49 	3.49 
474.25 	3.97 	3.49 	3.49 
474.50 	3.97 	3.48 	3.49 
474.75 	3.96 	3.48 	3.48 
475.00 	3.96 	3.47 	3.48 
475.25 	3.96 	3.47 	3.48 
475.50 	3.96 	3.46 	3.47 
475.75 	3.95 	3.46 	3.47 
476.00 	3.95 	3.45 	3.47 
476.25 	3.95 	3.45 	3.46 
476.50 	3.94 	3.44 	3.46 
476.75 	3.94 	3.44 	3.46 
477.00 	3.94 	3.44 	3.46 
477.25 	3.93 	3.43 	3.45 
477.50 	3.93 	3.43 	3.45 
477.75 	3.93 	3.42 	3.45 
478.00 	3.93 	3.44 	3.44 
478.25 	3.93 	3.43 	3.44 
478.50 	3.92 	3.43 	3.44 
478.75 	3.92 	3.43 	3.44 
479.00 	3.92 	3.44 	3.44 
479.25 	3.91 	3.44 	3.44 
479.50 	3.91 	3.44 	3.44 
479.75 	3.91 	3.43 	3.44 
480.00 	3.90 	3.43 	3.44 
480.25 	3.90 	3.43 	3.45 
480.50 	3.90 	3.43 	3.45 
480.75 	3.90 	3.42 	3.45 
481.00 	3.90 	3.42 	3.45 
481.25 	3.89 	3.42 	3.46 
481.50 	3.89 	3.41 	3.46 
481.75 	3.89 	3.41 	3.46 
482.00 	3.89 	3.42 	3.47 
482.25 	3.89 	3.41 	3.47 
482.50 	3.89 	3.41 	3.48 
482.75 	3.89 	3.41 	3.48 
483.00 	3.89 	3.45 	3.49 
483.25 	3.88 	3.46 	3.49 
483.50 	3.88 	3.46 	3.50 
483.75 	3.88 	3.46 	3.51 
484.00 	3.88 	3.51 	3.51 
484.25 	3.88 	3.52 	3.52 
484.50 	3.87 	3.53 	3.53 
484.75 	3.87 	3.53 	3.53 
485.00 	3.87 	3.54 	3.54 
485.25 	3.87 	3.54 	3.55 
485.50 	3.87 	3.55 	3.56 
485.75 	3.87 	3.55 	3.56 
486.00 	3.87 	3.56 	3.57 
486.25 	3.87 	3.57 	3.58 
486.50 	3.86 	3.58 	3.59 
486.75 	3.86 	3.59 	3.59 
487.00 	3.86 	3.61 	3.60 
487.25 	3.86 	3.62 	3.61 
487.50 	3.85 	3.64 	3.62 
487.75 	3.85 	3.65 	3.63 
488.00 	3.86 	3.66 	3.63 
488.25 	3.85 	3.68 	3.64 
488.50 	3.85 	3.69 	3.65 
488.75 	3.85 	3.70 	3.65 
489.00 	3.85 	3.70 	3.66 
489.25 	3.85 	3.71 	3.66 
489.50 	3.84 	3.71 	3.67 
489.75 	3.84 	3.72 	3.67 
490.00 	3.84 	3.72 	3.67 
490.25 	3.84 	3.72 	3.68 
490.50 	3.83 	3.73 	3.68 
490.75 	3.83 	3.73 	3.68 
491.00 	3.83 	3.73 	3.69 
491.25 	3.83 	3.73 	3.69 
491.50 	3.83 	3.72 	3.69 
491.75 	3.83 	3.72 	3.69 
492.00 	3.83 	3.72 	3.69 
492.25 	3.83 	3.72 	3.70 
492.50 	3.83 	3.72 	3.70 
492.75 	3.82 	3.71 	3.70 
493.00 	3.82 	3.71 	3.70 
493.25 	3.82 	3.71 	3.69 
493.50 	3.82 	3.70 	3.69 
493.75 	3.82 	3.70 	3.69 
494.00 	3.82 	3.70 	3.69 
494.25 	3.82 	3.69 	3.69 
494.50 	3.81 	3.69 	3.69 
494.75 	3.81 	3.69 	3.68 
495.00 	3.81 	3.68 	3.68 
495.25 	3.81 	3.68 	3.68 
495.50 	3.80 	3.68 	3.67 
495.75 	3.80 	3.67 	3.67 
496.00 	3.81 	3.67 	3.67 
496.25 	3.80 	3.67 	3.67 
496.50 	3.80 	3.66 	3.66 
496.75 	3.80 	3.66 	3.66 
497.00 	3.79 	3.66 	3.66 
497.25 	3.79 	3.65 	3.65 
497.50 	3.79 	3.65 	3.65 
497.75 	3.79 	3.65 	3.65 
498.00 	3.79 	3.64 	3.64 
498.25 	3.79 	3.64 	3.64 
498.50 	3.79 	3.64 	3.64 
498.75 	3.79 	3.63 	3.63 
499.00 	3.79 	3.63 	3.63 
499.25 	3.79 	3.62 	3.63 
499.50 	3.78 	3.62 	3.62 
499.75 	3.78 	3.62 	3.62 
500.00 	3.78 	3.61 	3.62 
500.25 	3.78 	3.61 	3.61 
500.50 	3.78 	3.61 	3.61 
500.75 	3.78 	3.60 	3.61 
501.00 	3.78 	3.60 	3.60 
501.25 	3.78 	3.60 	3.60 
501.50 	3.77 	3.59 	3.60 
501.75 	3.77 	3.59 	3.59 
502.00 	3.77 	3.59 	3.59 
502.25 	3.77 	3.59 	3.59 
502.50 	3.77 	3.58 	3.58 
502.75 	3.77 	3.58 	3.58 
503.00 	3.77 	3.58 	3.58 
503.25 	3.76 	3.57 	3.57 
503.50 	3.76 	3.57 	3.57 
503.75 	3.76 	3.57 	3.57 
504.00 	3.76 	3.56 	3.56 
504.25 	3.76 	3.56 	3.56 
504.50 	3.76 	3.56 	3.56 
504.75 	3.76 	3.55 	3.55 
505.00 	3.75 	3.55 	3.55 
505.25 	3.75 	3.55 	3.55 
505.50 	3.75 	3.54 	3.54 
505.75 	3.75 	3.54 	3.54 
506.00 	3.75 	3.54 	3.54 
506.25 	3.75 	3.54 	3.54 
506.50 	3.75 	3.53 	3.53 
506.75 	3.75 	3.53 	3.53 
507.00 	3.74 	3.53 	3.53 
507.25 	3.74 	3.52 	3.52 
507.50 	3.74 	3.52 	3.52 
507.75 	3.74 	3.52 	3.52 
508.00 	3.74 	3.51 	3.51 
508.25 	3.74 	3.51 	3.51 
508.50 	3.74 	3.51 	3.51 
508.75 	3.73 	3.51 	3.51 
509.00 	3.73 	3.50 	3.50 
509.25 	3.73 	3.50 	3.50 
509.50 	3.72 	3.50 	3.50 
509.75 	3.72 	3.50 	3.49 
510.00 	3.73 	3.49 	3.49 
510.25 	3.72 	3.49 	3.49 
510.50 	3.72 	3.49 	3.49 
510.75 	3.72 	3.48 	3.48 
511.00 	3.72 	3.48 	3.48 
511.25 	3.72 	3.48 	3.48 
511.50 	3.72 	3.48 	3.47 
511.75 	3.72 	3.47 	3.47 
512.00 	3.72 	3.47 	3.47 
512.25 	3.72 	3.47 	3.47 
512.50 	3.72 	3.46 	3.46 
512.75 	3.71 	3.46 	3.46 
513.00 	3.71 	3.46 	3.46 
513.25 	3.71 	3.45 	3.45 
513.50 	3.71 	3.45 	3.45 
513.75 	3.71 	3.45 	3.45 
514.00 	3.70 	3.45 	3.44 
514.25 	3.70 	3.44 	3.44 
514.50 	3.70 	3.44 	3.44 
514.75 	3.70 	3.44 	3.44 
515.00 	3.70 	3.43 	3.43 
515.25 	3.70 	3.43 	3.43 
515.50 	3.69 	3.43 	3.43 
515.75 	3.69 	3.42 	3.42 
516.00 	3.69 	3.42 	3.42 
516.25 	3.69 	3.42 	3.42 
516.50 	3.69 	3.42 	3.41 
516.75 	3.69 	3.41 	3.41 
517.00 	3.69 	3.41 	3.41 
517.25 	3.69 	3.41 	3.41 
517.50 	3.69 	3.40 	3.40 
517.75 	3.69 	3.40 	3.40 
518.00 	3.68 	3.40 	3.40 
518.25 	3.68 	3.39 	3.39 
518.50 	3.68 	3.39 	3.39 
518.75 	3.68 	3.39 	3.39 
519.00 	3.68 	3.38 	3.38 
519.25 	3.68 	3.38 	3.38 
519.50 	3.68 	3.38 	3.38 
519.75 	3.68 	3.38 	3.37 
520.00 	3.68 	3.37 	3.37 
520.25 	3.68 	3.37 	3.37 
520.50 	3.67 	3.37 	3.36 
520.75 	3.67 	3.36 	3.36 
521.00 	3.67 	3.36 	3.36 
521.25 	3.67 	3.36 	3.36 
521.50 	3.67 	3.35 	3.35 
521.75 	3.67 	3.35 	3.35 
522.00 	3.66 	3.35 	3.35 
522.25 	3.66 	3.34 	3.34 
522.50 	3.66 	3.34 	3.34 
522.75 	3.66 	3.34 	3.34 
523.00 	3.66 	3.33 	3.33 
523.25 	3.66 	3.33 	3.33 
523.50 	3.65 	3.33 	3.33 
523.75 	3.66 	3.32 	3.32 
524.00 	3.65 	3.32 	3.32 
524.25 	3.65 	3.32 	3.32 
524.50 	3.65 	3.32 	3.31 
524.75 	3.65 	3.31 	3.31 
525.00 	3.65 	3.31 	3.31 
525.25 	3.65 	3.31 	3.31 
525.50 	3.65 	3.30 	3.30 
525.75 	3.65 	3.30 	3.30 
526.00 	3.64 	3.30 	3.30 
526.25 	3.65 	3.29 	3.29 
526.50 	3.64 	3.29 	3.29 
526.75 	3.64 	3.29 	3.29 
527.00 	3.64 	3.28 	3.28 
527.25 	3.64 	3.28 	3.28 
527.50 	3.64 	3.28 	3.28 
527.75 	3.64 	3.27 	3.27 
528.00 	3.64 	3.27 	3.27 
528.25 	3.64 	3.27 	3.27 
528.50 	3.64 	3.26 	3.26 
528.75 	3.63 	3.26 	3.26 
529.00 	3.63 	3.26 	3.26 
529.25 	3.63 	3.25 	3.25 
529.50 	3.63 	3.25 	3.25 
529.75 	3.63 	3.25 	3.25 
530.00 	3.63 	3.25 	3.24 
530.25 	3.63 	3.24 	3.24 
530.50 	3.62 	3.24 	3.24 
530.75 	3.62 	3.24 	3.24 
531.00 	3.62 	3.23 	3.23 
531.25 	3.62 	3.23 	3.23 
531.50 	3.62 	3.23 	3.23 
531.75 	3.62 	3.22 	3.22 
532.00 	3.61 	3.22 	3.22 
532.25 	3.62 	3.22 	3.22 
532.50 	3.62 	3.21 	3.21 
532.75 	3.61 	3.21 	3.21 
533.00 	3.61 	3.21 	3.21 
533.25 	3.61 	3.20 	3.20 
533.50 	3.61 	3.20 	3.20 
533.75 	3.61 	3.20 	3.20 
534.00 	3.61 	3.19 	3.19 
534.25 	3.61 	3.19 	3.19 
534.50 	3.61 	3.19 	3.19 
534.75 	3.61 	3.18 	3.18 
535.00 	3.60 	3.18 	3.18 
535.25 	3.61 	3.18 	3.18 
535.50 	3.60 	3.17 	3.17 
535.75 	3.60 	3.17 	3.17 
536.00 	3.60 	3.17 	3.17 
536.25 	3.60 	3.16 	3.16 
536.50 	3.60 	3.16 	3.16 
536.75 	3.60 	3.16 	3.16 
537.00 	3.59 	3.15 	3.15 
537.25 	3.59 	3.15 	3.15 
537.50 	3.59 	3.15 	3.15 
537.75 	3.59 	3.15 	3.14 
538.00 	3.59 	3.14 	3.14 
538.25 	3.59 	3.14 	3.14 
538.50 	3.58 	3.14 	3.13 
538.75 	3.58 	3.13 	3.13 
539.00 	3.58 	3.13 	3.13 
539.25 	3.58 	3.13 	3.12 
539.50 	3.58 	3.12 	3.12 
539.75 	3.58 	3.12 	3.12 
540.00 	3.58 	3.12 	3.11 
540.25 	3.57 	3.11 	3.11 
540.50 	3.57 	3.11 	3.11 
540.75 	3.57 	3.11 	3.10 
541.00 	3.57 	3.10 	3.10 
541.25 	3.57 	3.10 	3.10 
541.50 	3.57 	3.10 	3.09 
541.75 	3.57 	3.09 	3.09 
542.00 	3.57 	3.09 	3.09 
542.25 	3.56 	3.08 	3.08 
542.50 	3.56 	3.08 	3.08 
542.75 	3.56 	3.08 	3.08 
543.00 	3.55 	3.07 	3.07 
543.25 	3.55 	3.07 	3.07 
543.50 	3.56 	3.07 	3.07 
543.75 	3.55 	3.06 	3.06 
544.00 	3.55 	3.06 	3.06 
544.25 	3.55 	3.06 	3.06 
544.50 	3.55 	3.05 	3.05 
544.75 	3.55 	3.05 	3.05 
545.00 	3.54 	3.05 	3.05 
545.25 	3.54 	3.04 	3.04 
545.50 	3.54 	3.04 	3.04 
545.75 	3.54 	3.04 	3.04 
546.00 	3.54 	3.03 	3.03 
546.25 	3.54 	3.03 	3.03 
546.50 	3.54 	3.03 	3.03 
546.75 	3.54 	3.02 	3.02 
547.00 	3.53 	3.02 	3.02 
547.25 	3.53 	3.02 	3.02 
547.50 	3.53 	3.01 	3.01 
547.75 	3.53 	3.01 	3.01 
548.00 	3.53 	3.01 	3.00 
548.25 	3.52 	3.00 	3.00 
548.50 	3.52 	3.00 	3.00 
548.75 	3.52 	2.99 	2.99 
549.00 	3.52 	2.99 	2.99 
549.25 	3.52 	2.99 	2.99 
549.50 	3.51 	2.98 	2.98 
549.75 	3.51 	2.98 	2.98 
550.00 	3.51 	2.98 	2.98 
550.25 	3.51 	2.97 	2.97 
550.50 	3.51 	2.97 	2.97 
550.75 	3.51 	2.97 	2.96 
551.00 	3.51 	2.96 	2.96 
551.25 	3.51 	2.96 	2.96 
551.50 	3.51 	2.96 	2.95 
551.75 	3.50 	2.95 	2.95 
552.00 	3.50 	2.95 	2.95 
552.25 	3.50 	2.95 	2.94 
552.50 	3.50 	2.94 	2.94 
552.75 	3.49 	2.94 	2.94 
553.00 	3.49 	2.93 	2.93 
553.25 	3.49 	2.93 	2.93 
553.50 	3.49 	2.93 	2.92 
553.75 	3.49 	2.92 	2.92 
554.00 	3.49 	2.92 	2.92 
554.25 	3.48 	2.91 	2.91 
554.50 	3.48 	2.91 	2.91 
554.75 	3.48 	2.91 	2.91 
555.00 	3.48 	2.90 	2.90 
555.25 	3.48 	2.90 	2.90 
555.50 	3.47 	2.89 	2.89 
555.75 	3.47 	2.89 	2.89 
556.00 	3.47 	2.89 	2.89 
556.25 	3.47 	2.88 	2.88 
556.50 	3.47 	2.88 	2.88 
556.75 	3.47 	2.87 	2.87 
557.00 	3.46 	2.87 	2.87 
557.25 	3.46 	2.87 	2.87 
557.50 	3.46 	2.86 	2.86 
557.75 	3.46 	2.86 	2.86 
558.00 	3.46 	2.86 	2.85 
558.25 	3.45 	2.85 	2.85 
558.50 	3.45 	2.85 	2.85 
558.75 	3.45 	2.84 	2.84 
559.00 	3.45 	2.84 	2.84 
559.25 	3.44 	2.84 	2.84 
559.50 	3.44 	2.83 	2.83 
559.75 	3.44 	2.83 	2.83 
560.00 	3.44 	2.82 	2.82 
560.25 	3.44 	2.82 	2.82 
560.50 	3.44 	2.82 	2.82 
560.75 	3.44 	2.81 	2.81 
561.00 	3.44 	2.81 	2.81 
561.25 	3.44 	2.80 	2.80 
561.50 	3.43 	2.80 	2.80 
561.75 	3.43 	2.80 	2.80 
562.00 	3.43 	2.79 	2.79 
562.25 	3.42 	2.79 	2.79 
562.50 	3.42 	2.78 	2.78 
562.75 	3.42 	2.78 	2.78 
563.00 	3.42 	2.78 	2.78 
563.25 	3.41 	2.77 	2.77 
563.50 	3.41 	2.77 	2.77 
563.75 	3.41 	2.76 	2.76 
564.00 	3.41 	2.76 	2.76 
564.25 	3.41 	2.76 	2.76 
564.50 	3.40 	2.75 	2.75 
564.75 	3.40 	2.75 	2.75 
565.00 	3.40 	2.75 	2.74 
565.25 	3.40 	2.74 	2.74 
565.50 	3.40 	2.74 	2.74 
565.75 	3.40 	2.73 	2.73 
566.00 	3.39 	2.73 	2.73 
566.25 	3.39 	2.73 	2.72 
566.50 	3.39 	2.72 	2.72 
566.75 	3.39 	2.72 	2.72 
567.00 	3.38 	2.71 	2.71 
567.25 	3.38 	2.71 	2.71 
567.50 	3.38 	2.71 	2.70 
567.75 	3.38 	2.70 	2.70 
568.00 	3.37 	2.70 	2.70 
568.25 	3.37 	2.69 	2.69 
568.50 	3.37 	2.69 	2.69 
568.75 	3.37 	2.69 	2.68 
569.00 	3.37 	2.68 	2.68 
569.25 	3.37 	2.68 	2.68 
569.50 	3.36 	2.67 	2.67 
569.75 	3.36 	2.67 	2.67 
570.00 	3.36 	2.67 	2.66 
570.25 	3.36 	2.66 	2.66 
570.50 	3.35 	2.66 	2.66 
570.75 	3.35 	2.65 	2.65 
571.00 	3.35 	2.65 	2.65 
571.25 	3.35 	2.64 	2.64 
571.50 	3.35 	2.64 	2.64 
571.75 	3.34 	2.64 	2.64 
572.00 	3.34 	2.63 	2.63 
572.25 	3.34 	2.63 	2.63 
572.50 	3.33 	2.62 	2.62 
572.75 	3.33 	2.62 	2.62 
573.00 	3.33 	2.62 	2.62 
573.25 	3.33 	2.61 	2.61 
573.50 	3.33 	2.61 	2.61 
573.75 	3.32 	2.60 	2.60 
574.00 	3.32 	2.60 	2.60 
574.25 	3.32 	2.60 	2.60 
574.50 	3.32 	2.59 	2.59 
574.75 	3.31 	2.59 	2.59 
575.00 	3.31 	2.58 	2.58 
575.25 	3.31 	2.58 	2.58 
575.50 	3.31 	2.58 	2.57 
575.75 	3.30 	2.57 	2.57 
576.00 	3.30 	2.57 	2.57 
576.25 	3.30 	2.56 	2.56 
576.50 	3.29 	2.56 	2.56 
576.75 	3.29 	2.55 	2.55 
577.00 	3.29 	2.55 	2.55 
577.25 	3.29 	2.55 	2.55 
577.50 	3.29 	2.54 	2.54 
577.75 	3.29 	2.54 	2.54 
578.00 	3.28 	2.53 	2.53 
578.25 	3.28 	2.53 	2.53 
578.50 	3.28 	2.53 	2.53 
578.75 	3.27 	2.52 	2.52 
579.00 	3.27 	2.52 	2.52 
579.25 	3.27 	2.51 	2.51 
579.50 	3.27 	2.51 	2.51 
579.75 	3.26 	2.51 	2.50 
580.00 	3.26 	2.50 	2.50 
580.25 	3.26 	2.50 	2.50 
580.50 	3.26 	2.49 	2.49 
580.75 	3.26 	2.49 	2.49 
581.00 	3.25 	2.48 	2.48 
581.25 	3.25 	2.48 	2.48 
581.50 	3.25 	2.48 	2.48 
581.75 	3.24 	2.47 	2.47 
582.00 	3.24 	2.47 	2.47 
582.25 	3.24 	2.46 	2.46 
582.50 	3.23 	2.46 	2.46 
582.75 	3.23 	2.46 	2.46 
583.00 	3.23 	2.45 	2.45 
583.25 	3.23 	2.45 	2.45 
583.50 	3.22 	2.44 	2.44 
583.75 	3.22 	2.44 	2.44 
584.00 	3.22 	2.44 	2.43 
584.25 	3.22 	2.43 	2.43 
584.50 	3.21 	2.43 	2.43 
584.75 	3.21 	2.42 	2.42 
585.00 	3.21 	2.42 	2.42 
585.25 	3.21 	2.41 	2.41 
585.50 	3.20 	2.41 	2.41 
585.75 	3.20 	2.41 	2.41 
586.00 	3.20 	2.40 	2.40 
586.25 	3.20 	2.40 	2.40 
586.50 	3.19 	2.39 	2.39 
586.75 	3.19 	2.39 	2.39 
587.00 	3.19 	2.39 	2.39 
587.25 	3.18 	2.38 	2.38 
587.50 	3.18 	2.38 	2.38 
587.75 	3.18 	2.37 	2.37 
588.00 	3.18 	2.37 	2.37 
588.25 	3.17 	2.37 	2.36 
588.50 	3.17 	2.36 	2.36 
588.75 	3.17 	2.36 	2.36 
589.00 	3.16 	2.35 	2.35 
589.25 	3.16 	2.35 	2.35 
589.50 	3.16 	2.34 	2.34 
589.75 	3.16 	2.34 	2.34 
590.00 	3.15 	2.34 	2.34 
590.25 	3.15 	2.33 	2.33 
590.50 	3.15 	2.33 	2.33 
590.75 	3.15 	2.32 	2.32 
591.00 	3.15 	2.32 	2.32 
591.25 	3.14 	2.32 	2.32 
591.50 	3.14 	2.31 	2.31 
591.75 	3.14 	2.31 	2.31 
592.00 	3.13 	2.30 	2.30 
592.25 	3.13 	2.30 	2.30 
592.50 	3.13 	2.30 	2.30 
592.75 	3.12 	2.29 	2.29 
593.00 	3.12 	2.29 	2.29 
593.25 	3.12 	2.28 	2.28 
593.50 	3.12 	2.28 	2.28 
593.75 	3.11 	2.28 	2.28 
594.00 	3.11 	2.27 	2.27 
594.25 	3.11 	2.27 	2.27 
594.50 	3.11 	2.26 	2.26 
594.75 	3.10 	2.26 	2.26 
595.00 	3.10 	2.26 	2.26 
595.25 	3.10 	2.25 	2.25 
595.50 	3.09 	2.25 	2.25 
595.75 	3.09 	2.24 	2.24 
596.00 	3.09 	2.24 	2.24 
596.25 	3.09 	2.24 	2.24 
596.50 	3.08 	2.23 	2.23 
596.75 	3.08 	2.23 	2.23 
597.00 	3.08 	2.22 	2.22 
597.25 	3.08 	2.22 	2.22 
597.50 	3.08 	2.22 	2.22 
597.75 	3.07 	2.21 	2.21 
598.00 	3.07 	2.21 	2.21 
598.25 	3.07 	2.20 	2.20 
598.50 	3.06 	2.20 	2.20 
598.75 	3.06 	2.20 	2.20 
599.00 	3.06 	2.19 	2.19 
599.25 	3.05 	2.19 	2.19 
599.50 	3.05 	2.18 	2.18 
599.75 	3.05 	2.18 	2.18 
600.00 	3.05 	2.18 	2.18 
600.25 	3.04 	2.17 	2.17 
600.50 	3.04 	2.17 	2.17 
600.75 	3.04 	2.16 	2.16 
601.00 	3.04 	2.16 	2.16 
601.25 	3.03 	2.16 	2.16 
601.50 	3.03 	2.15 	2.15 
601.75 	3.03 	2.15 	2.15 
602.00 	3.03 	2.14 	2.14 
602.25 	3.02 	2.14 	2.14 
602.50 	3.02 	2.14 	2.14 
602.75 	3.02 	2.13 	2.13 
603.00 	3.02 	2.13 	2.13 
603.25 	3.01 	2.12 	2.12 
603.50 	3.01 	2.12 	2.12 
603.75 	3.01 	2.12 	2.12 
604.00 	3.01 	2.11 	2.11 
604.25 	3.01 	2.11 	2.11 
604.50 	3.00 	2.11 	2.10 
604.75 	3.00 	2.10 	2.10 
605.00 	3.00 	2.10 	2.10 
605.25 	3.00 	2.09 	2.09 
605.50 	2.99 	2.09 	2.09 
605.75 	2.99 	2.09 	2.09 
606.00 	2.99 	2.08 	2.08 
606.25 	2.98 	2.08 	2.08 
606.50 	2.98 	2.07 	2.07 
606.75 	2.97 	2.07 	2.07 
607.00 	2.97 	2.07 	2.07 
607.25 	2.97 	2.06 	2.06 
607.50 	2.97 	2.06 	2.06 
607.75 	2.97 	2.05 	2.05 
608.00 	2.97 	2.05 	2.05 
608.25 	2.96 	2.05 	2.05 
608.50 	2.96 	2.04 	2.04 
608.75 	2.96 	2.04 	2.04 
609.00 	2.96 	2.03 	2.04 
609.25 	2.95 	2.03 	2.03 
609.50 	2.95 	2.03 	2.03 
609.75 	2.95 	2.02 	2.02 
610.00 	2.95 	2.02 	2.02 
610.25 	2.94 	2.02 	2.02 
610.50 	2.94 	2.01 	2.01 
610.75 	2.94 	2.01 	2.01 
611.00 	2.94 	2.01 	2.01 
611.25 	2.94 	2.00 	2.00 
611.50 	2.93 	2.00 	2.00 
611.75 	2.93 	1.99 	1.99 
612.00 	2.93 	1.99 	1.99 
612.25 	2.92 	1.99 	1.99 
612.50 	2.92 	1.98 	1.98 
612.75 	2.92 	1.98 	1.98 
613.00 	2.91 	1.98 	1.98 
613.25 	2.91 	1.97 	1.97 
613.50 	2.91 	1.97 	1.97 
613.75 	2.91 	1.96 	1.96 
614.00 	2.91 	1.96 	1.96 
614.25 	2.90 	1.96 	1.96 
614.50 	2.90 	1.95 	1.95 
614.75 	2.90 	1.95 	1.95 
615.00 	2.90 	1.95 	1.95 
615.25 	2.90 	1.94 	1.94 
615.50 	2.90 	1.94 	1.94 
615.75 	2.89 	1.94 	1.94 
616.00 	2.89 	1.93 	1.93 
616.25 	2.89 	1.93 	1.93 
616.50 	2.89 	1.93 	1.93 
616.75 	2.88 	1.92 	1.92 
617.00 	2.88 	1.92 	1.92 
617.25 	2.88 	1.91 	1.91 
617.50 	2.88 	1.91 	1.91 
617.75 	2.87 	1.91 	1.91 
618.00 	2.87 	1.90 	1.90 
618.25 	2.87 	1.90 	1.90 
618.50 	2.87 	1.90 	1.90 
618.75 	2.87 	1.89 	1.89 
619.00 	2.86 	1.89 	1.89 
619.25 	2.86 	1.89 	1.89 
619.50 	2.86 	1.88 	1.88 
619.75 	2.86 	1.88 	1.88 
620.00 	2.86 	1.88 	1.88 
620.25 	2.85 	1.87 	1.87 
620.50 	2.85 	1.87 	1.87 
620.75 	2.85 	1.86 	1.86 
621.00 	2.85 	1.86 	1.86 
621.25 	2.84 	1.86 	1.86 
621.50 	2.84 	1.85 	1.85 
621.75 	2.84 	1.85 	1.85 
622.00 	2.84 	1.85 	1.85 
622.25 	2.83 	1.84 	1.84 
622.50 	2.83 	1.84 	1.84 
622.75 	2.83 	1.84 	1.84 
623.00 	2.83 	1.83 	1.83 
623.25 	2.83 	1.83 	1.83 
623.50 	2.83 	1.83 	1.83 
623.75 	2.83 	1.82 	1.82 
624.00 	2.82 	1.82 	1.82 
624.25 	2.82 	1.82 	1.81 
624.50 	2.82 	1.81 	1.81 
624.75 	2.82 	1.81 	1.81 
625.00 	2.81 	1.80 	1.80 
625.25 	2.81 	1.80 	1.80 
625.50 	2.81 	1.80 	1.80 
625.75 	2.81 	1.79 	1.79 
626.00 	2.80 	1.79 	1.79 
626.25 	2.80 	1.79 	1.79 
626.50 	2.80 	1.78 	1.78 
626.75 	2.80 	1.78 	1.78 
627.00 	2.80 	1.78 	1.78 
627.25 	2.80 	1.77 	1.77 
627.50 	2.79 	1.77 	1.77 
627.75 	2.79 	1.77 	1.77 
628.00 	2.79 	1.76 	1.76 
628.25 	2.79 	1.76 	1.76 
628.50 	2.79 	1.76 	1.75 
628.75 	2.78 	1.75 	1.75 
629.00 	2.78 	1.75 	1.75 
629.25 	2.78 	1.74 	1.74 
629.50 	2.78 	1.74 	1.74 
629.75 	2.77 	1.74 	1.74 
630.00 	2.77 	1.73 	1.73 
630.25 	2.77 	1.73 	1.73 
630.50 	2.77 	1.73 	1.73 
630.75 	2.77 	1.72 	1.72 
631.00 	2.77 	1.72 	1.72 
631.25 	2.76 	1.72 	1.72 
631.50 	2.76 	1.71 	1.71 
631.75 	2.76 	1.71 	1.71 
632.00 	2.76 	1.71 	1.71 
632.25 	2.76 	1.70 	1.70 
632.50 	2.76 	1.70 	1.70 
632.75 	2.75 	1.70 	1.70 
633.00 	2.75 	1.69 	1.69 
633.25 	2.75 	1.69 	1.69 
633.50 	2.74 	1.69 	1.69 
633.75 	2.74 	1.68 	1.68 
634.00 	2.74 	1.68 	1.68 
634.25 	2.74 	1.68 	1.68 
634.50 	2.74 	1.67 	1.67 
634.75 	2.74 	1.67 	1.67 
635.00 	2.73 	1.67 	1.66 
635.25 	2.73 	1.66 	1.66 
635.50 	2.73 	1.66 	1.66 
635.75 	2.73 	1.65 	1.65 
636.00 	2.73 	1.65 	1.65 
636.25 	2.72 	1.65 	1.65 
636.50 	2.72 	1.64 	1.64 
636.75 	2.72 	1.64 	1.64 
637.00 	2.72 	1.64 	1.64 
637.25 	2.71 	1.63 	1.63 
637.50 	2.71 	1.63 	1.63 
637.75 	2.71 	1.63 	1.63 
638.00 	2.71 	1.62 	1.62 
638.25 	2.71 	1.62 	1.62 
638.50 	2.70 	1.62 	1.62 
638.75 	2.70 	1.61 	1.61 
639.00 	2.70 	1.61 	1.61 
639.25 	2.70 	1.61 	1.61 
639.50 	2.69 	1.60 	1.60 
639.75 	2.69 	1.60 	1.60 
640.00 	2.69 	1.60 	1.60 
640.25 	2.69 	1.59 	1.59 
640.50 	2.69 	1.59 	1.59 
640.75 	2.69 	1.59 	1.59 
641.00 	2.69 	1.58 	1.58 
641.25 	2.68 	1.58 	1.58 
641.50 	2.68 	1.58 	1.58 
641.75 	2.68 	1.57 	1.57 
642.00 	2.68 	1.57 	1.57 
642.25 	2.68 	1.57 	1.57 
642.50 	2.67 	1.57 	1.56 
642.75 	2.67 	1.56 	1.56 
643.00 	2.67 	1.56 	1.56 
643.25 	2.67 	1.56 	1.55 
643.50 	2.67 	1.55 	1.55 
643.75 	2.66 	1.55 	1.55 
644.00 	2.66 	1.55 	1.54 
644.25 	2.66 	1.54 	1.54 
644.50 	2.66 	1.54 	1.54 
644.75 	2.66 	1.54 	1.53 
645.00 	2.65 	1.53 	1.53 
645.25 	2.65 	1.53 	1.53 
645.50 	2.65 	1.53 	1.53 
645.75 	2.65 	1.52 	1.52 
646.00 	2.65 	1.52 	1.52 
646.25 	2.65 	1.52 	1.52 
646.50 	2.65 	1.51 	1.51 
646.75 	2.64 	1.51 	1.51 
647.00 	2.64 	1.51 	1.51 
647.25 	2.64 	1.50 	1.50 
647.50 	2.64 	1.50 	1.50 
647.75 	2.64 	1.50 	1.50 
648.00 	2.64 	1.49 	1.49 
648.25 	2.63 	1.49 	1.49 
648.50 	2.63 	1.49 	1.49 
648.75 	2.63 	1.48 	1.48 
649.00 	2.63 	1.48 	1.48 
649.25 	2.63 	1.48 	1.48 
649.50 	2.62 	1.47 	1.47 
649.75 	2.62 	1.47 	1.47 
650.00 	2.62 	1.47 	1.47 
650.25 	2.62 	1.46 	1.46 
650.50 	2.62 	1.46 	1.46 
650.75 	2.62 	1.46 	1.46 
651.00 	2.62 	1.45 	1.45 
651.25 	2.61 	1.45 	1.45 
651.50 	2.61 	1.45 	1.45 
651.75 	2.61 	1.44 	1.44 
652.00 	2.61 	1.44 	1.44 
652.25 	2.61 	1.44 	1.44 
652.50 	2.60 	1.43 	1.43 
652.75 	2.60 	1.43 	1.43 
653.00 	2.60 	1.43 	1.43 
653.25 	2.60 	1.42 	1.42 
653.50 	2.60 	1.42 	1.42 
653.75 	2.59 	1.42 	1.42 
654.00 	2.59 	1.41 	1.41 
654.25 	2.59 	1.41 	1.41 
654.50 	2.59 	1.41 	1.41 
654.75 	2.59 	1.40 	1.40 
655.00 	2.58 	1.40 	1.40 
655.25 	2.58 	1.40 	1.40 
655.50 	2.58 	1.40 	1.39 
655.75 	2.58 	1.39 	1.39 
656.00 	2.58 	1.39 	1.39 
656.25 	2.58 	1.39 	1.39 
656.50 	2.58 	1.38 	1.38 
656.75 	2.58 	1.38 	1.38 
657.00 	2.57 	1.38 	1.38 
657.25 	2.57 	1.37 	1.37 
657.50 	2.57 	1.37 	1.37 
657.75 	2.57 	1.37 	1.37 
658.00 	2.57 	1.36 	1.36 
658.25 	2.56 	1.36 	1.36 
658.50 	2.56 	1.36 	1.36 
658.75 	2.56 	1.35 	1.35 
659.00 	2.56 	1.35 	1.35 
659.25 	2.56 	1.35 	1.35 
659.50 	2.55 	1.34 	1.34 
659.75 	2.55 	1.34 	1.34 
660.00 	2.55 	1.34 	1.34 
660.25 	2.55 	1.33 	1.33 
660.50 	2.55 	1.33 	1.33 
660.75 	2.55 	1.33 	1.33 
661.00 	2.55 	1.32 	1.32 
661.25 	2.54 	1.32 	1.32 
661.50 	2.54 	1.32 	1.32 
661.75 	2.54 	1.31 	1.31 
662.00 	2.54 	1.31 	1.31 
662.25 	2.54 	1.31 	1.31 
662.50 	2.53 	1.31 	1.30 
662.75 	2.53 	1.30 	1.30 
663.00 	2.53 	1.30 	1.30 
663.25 	2.53 	1.30 	1.30 
663.50 	2.53 	1.29 	1.29 
663.75 	2.52 	1.29 	1.29 
664.00 	2.52 	1.29 	1.29 
664.25 	2.52 	1.28 	1.28 
664.50 	2.52 	1.28 	1.28 
664.75 	2.52 	1.28 	1.28 
665.00 	2.51 	1.27 	1.27 
665.25 	2.51 	1.27 	1.27 
665.50 	2.51 	1.27 	1.27 
665.75 	2.51 	1.26 	1.26 
666.00 	2.51 	1.26 	1.26 
666.25 	2.51 	1.26 	1.26 
666.50 	2.51 	1.25 	1.25 
666.75 	2.51 	1.25 	1.25 
667.00 	2.50 	1.25 	1.25 
667.25 	2.50 	1.24 	1.24 
667.50 	2.50 	1.24 	1.24 
667.75 	2.50 	1.24 	1.24 
668.00 	2.50 	1.24 	1.23 
668.25 	2.49 	1.23 	1.23 
668.50 	2.49 	1.23 	1.23 
668.75 	2.49 	1.23 	1.23 
669.00 	2.49 	1.22 	1.22 
669.25 	2.49 	1.22 	1.22 
669.50 	2.49 	1.22 	1.22 
669.75 	2.48 	1.21 	1.21 
670.00 	2.48 	1.21 	1.21 
670.25 	2.48 	1.21 	1.21 
670.50 	2.48 	1.20 	1.20 
670.75 	2.48 	1.20 	1.20 
671.00 	2.48 	1.20 	1.20 
671.25 	2.47 	1.19 	1.19 
671.50 	2.47 	1.19 	1.19 
671.75 	2.47 	1.19 	1.19 
672.00 	2.47 	1.18 	1.18 
672.25 	2.47 	1.18 	1.18 
672.50 	2.47 	1.18 	1.18 
672.75 	2.47 	1.18 	1.18 
673.00 	2.46 	1.17 	1.17 
673.25 	2.46 	1.17 	1.17 
673.50 	2.46 	1.17 	1.17 
673.75 	2.46 	1.16 	1.16 
674.00 	2.46 	1.16 	1.16 
674.25 	2.46 	1.16 	1.16 
674.50 	2.45 	1.15 	1.15 
674.75 	2.45 	1.15 	1.15 
675.00 	2.45 	1.15 	1.15 
675.25 	2.45 	1.14 	1.14 
675.50 	2.45 	1.14 	1.14 
675.75 	2.44 	1.14 	1.14 
676.00 	2.44 	1.13 	1.13 
676.25 	2.44 	1.13 	1.13 
676.50 	2.44 	1.13 	1.13 
676.75 	2.44 	1.13 	1.12 
677.00 	2.44 	1.12 	1.12 
677.25 	2.44 	1.12 	1.12 
677.50 	2.44 	1.12 	1.12 
677.75 	2.43 	1.11 	1.11 
678.00 	2.43 	1.11 	1.11 
678.25 	2.43 	1.11 	1.11 
678.50 	2.43 	1.10 	1.10 
678.75 	2.43 	1.10 	1.10 
679.00 	2.43 	1.10 	1.10 
679.25 	2.42 	1.09 	1.09 
679.50 	2.42 	1.09 	1.09 
679.75 	2.42 	1.09 	1.09 
680.00 	2.42 	1.08 	1.08 
680.25 	2.42 	1.08 	1.08 
680.50 	2.42 	1.08 	1.08 
680.75 	2.41 	1.08 	1.07 
681.00 	2.41 	1.07 	1.07 
681.25 	2.41 	1.07 	1.07 
681.50 	2.41 	1.07 	1.07 
681.75 	2.41 	1.06 	1.06 
682.00 	2.41 	1.06 	1.06 
682.25 	2.40 	1.06 	1.06 
682.50 	2.40 	1.05 	1.05 
682.75 	2.40 	1.05 	1.05 
683.00 	2.40 	1.05 	1.05 
683.25 	2.40 	1.04 	1.04 
683.50 	2.40 	1.04 	1.04 
683.75 	2.39 	1.04 	1.04 
684.00 	2.39 	1.03 	1.03 
684.25 	2.39 	1.03 	1.03 
684.50 	2.39 	1.03 	1.03 
684.75 	2.39 	1.03 	1.02 
685.00 	2.39 	1.02 	1.02 
685.25 	2.38 	1.02 	1.02 
685.50 	2.38 	1.02 	1.02 
685.75 	2.38 	1.01 	1.01 
686.00 	2.38 	1.01 	1.01 
686.25 	2.38 	1.01 	1.01 
686.50 	2.38 	1.00 	1.00 
686.75 	2.37 	1.00 	1.00 
687.00 	2.37 	1.00 	1.00 
687.25 	2.37 	0.99 	0.99 
687.50 	2.37 	0.99 	0.99 
687.75 	2.37 	0.99 	0.99 
688.00 	2.37 	0.98 	0.98 
688.25 	2.37 	0.98 	0.98 
688.50 	2.37 	0.98 	0.98 
688.75 	2.36 	0.98 	0.97 
689.00 	2.36 	0.97 	0.97 
689.25 	2.36 	0.97 	0.97 
689.50 	2.36 	0.97 	0.97 
689.75 	2.36 	0.96 	0.96 
690.00 	2.35 	0.96 	0.96 
690.25 	2.35 	0.96 	0.96 
690.50 	2.35 	0.95 	0.95 
690.75 	2.35 	0.95 	0.95 
691.00 	2.34 	0.95 	0.95 
691.25 	2.34 	0.94 	0.94 
691.50 	2.34 	0.94 	0.94 
691.75 	2.34 	0.94 	0.94 
692.00 	2.34 	0.93 	0.93 
692.25 	2.34 	0.93 	0.93 
692.50 	2.34 	0.93 	0.93 
692.75 	2.33 	0.93 	0.93 
693.00 	2.33 	0.92 	0.92 
693.25 	2.33 	0.92 	0.92 
693.50 	2.33 	0.92 	0.92 
693.75 	2.33 	0.91 	0.91 
694.00 	2.33 	0.91 	0.91 
694.25 	2.32 	0.91 	0.91 
694.50 	2.32 	0.90 	0.90 
694.75 	2.32 	0.90 	0.90 
695.00 	2.32 	0.90 	0.90 
695.25 	2.32 	0.89 	0.89 
695.50 	2.32 	0.89 	0.89 
695.75 	2.31 	0.89 	0.89 
696.00 	2.31 	0.89 	0.88 
696.25 	2.31 	0.88 	0.88 
696.50 	2.31 	0.88 	0.88 
696.75 	2.31 	0.88 	0.88 
697.00 	2.31 	0.87 	0.87 
697.25 	2.30 	0.87 	0.87 
697.50 	2.30 	0.87 	0.87 
697.75 	2.30 	0.86 	0.86 
698.00 	2.30 	0.86 	0.86 
698.25 	2.30 	0.86 	0.86 
698.50 	2.30 	0.85 	0.85 
698.75 	2.30 	0.85 	0.85 
699.00 	2.29 	0.85 	0.85 
699.25 	2.29 	0.84 	0.84 
699.50 	2.29 	0.84 	0.84 
699.75 	2.29 	0.84 	0.84 
700.00 	2.29 	0.84 	0.84 
700.25 	2.29 	0.83 	0.83 
700.50 	2.29 	0.83 	0.83 
700.75 	2.28 	0.83 	0.83 
701.00 	2.28 	0.82 	0.82 
701.25 	2.28 	0.82 	0.82 
701.50 	2.28 	0.82 	0.82 
701.75 	2.28 	0.81 	0.81 
702.00 	2.27 	0.81 	0.81 
702.25 	2.27 	0.81 	0.81 
702.50 	2.27 	0.80 	0.80 
702.75 	2.27 	0.80 	0.80 
703.00 	2.27 	0.80 	0.80 
703.25 	2.27 	0.80 	0.80 
703.50 	2.26 	0.79 	0.79 
703.75 	2.26 	0.79 	0.79 
704.00 	2.26 	0.79 	0.79 
704.25 	2.26 	0.78 	0.78 
704.50 	2.26 	0.78 	0.78 
704.75 	2.26 	0.78 	0.78 
705.00 	2.26 	0.77 	0.77 
705.25 	2.26 	0.77 	0.77 
705.50 	2.25 	0.77 	0.77 
705.75 	2.25 	0.76 	0.76 
706.00 	2.25 	0.76 	0.76 
706.25 	2.25 	0.76 	0.76 
706.50 	2.24 	0.76 	0.76 
706.75 	2.25 	0.75 	0.75 
707.00 	2.24 	0.75 	0.75 
707.25 	2.24 	0.75 	0.75 
707.50 	2.24 	0.74 	0.74 
707.75 	2.24 	0.74 	0.74 
708.00 	2.24 	0.74 	0.74 
708.25 	2.23 	0.73 	0.73 
708.50 	2.23 	0.73 	0.73 
708.75 	2.23 	0.73 	0.73 
709.00 	2.23 	0.73 	0.73 
709.25 	2.23 	0.72 	0.72 
709.50 	2.23 	0.72 	0.72 
709.75 	2.23 	0.72 	0.72 
710.00 	2.23 	0.71 	0.71 
710.25 	2.23 	0.71 	0.71 
710.50 	2.22 	0.71 	0.71 
710.75 	2.22 	0.70 	0.70 
711.00 	2.22 	0.70 	0.70 
711.25 	2.22 	0.70 	0.70 
711.50 	2.22 	0.70 	0.70 
711.75 	2.22 	0.69 	0.69 
712.00 	2.21 	0.69 	0.69 
712.25 	2.21 	0.69 	0.69 
712.50 	2.21 	0.68 	0.68 
712.75 	2.21 	0.68 	0.68 
713.00 	2.21 	0.68 	0.68 
713.25 	2.21 	0.68 	0.67 
713.50 	2.20 	0.67 	0.67 
713.75 	2.20 	0.67 	0.67 
714.00 	2.20 	0.67 	0.67 
714.25 	2.20 	0.66 	0.66 
714.50 	2.20 	0.66 	0.66 
714.75 	2.19 	0.66 	0.66 
715.00 	2.19 	0.65 	0.65 
715.25 	2.19 	0.65 	0.65 
715.50 	2.19 	0.65 	0.65 
715.75 	2.19 	0.65 	0.65 
716.00 	2.19 	0.64 	0.64 
716.25 	2.19 	0.64 	0.64 
716.50 	2.19 	0.64 	0.64 
716.75 	2.19 	0.63 	0.63 
717.00 	2.19 	0.63 	0.63 
717.25 	2.18 	0.63 	0.63 
717.50 	2.18 	0.63 	0.62 
717.75 	2.18 	0.62 	0.62 
718.00 	2.18 	0.62 	0.62 
718.25 	2.18 	0.62 	0.62 
718.50 	2.18 	0.61 	0.61 
718.75 	2.17 	0.61 	0.61 
719.00 	2.18 	0.61 	0.61 
719.25 	2.17 	0.61 	0.60 
719.50 	2.17 	0.60 	0.60 
719.75 	2.17 	0.60 	0.60 