 0.00  2.35
 0.25  2.35
 0.50  2.34
 0.75  2.34
 1.00  2.33
 1.25  2.33
 1.50  2.32
 1.75  2.32
 2.00  2.31
 2.25  2.31
 2.50  2.30
 2.75  2.30
 3.00  2.29
 3.25  2.29
 3.50  2.28
 3.75  2.28
 4.00  2.27
 4.25  2.27
 4.50  2.26
 4.75  2.26
 5.00  2.25
 5.25  2.25
 5.50  2.24
 5.75  2.24
 6.00  2.23
 6.25  2.23
 6.50  2.22
 6.75  2.22
 7.00  2.21
 7.25  2.21
 7.50  2.20
 7.75  2.20
 8.00  2.19
 8.25  2.19
 8.50  2.18
 8.75  2.18
 9.00  2.17
 9.25  2.17
 9.50  2.16
 9.75  2.16
10.00  2.16
10.25  2.15
10.50  2.15
10.75  2.14
11.00  2.14
11.25  2.13
11.50  2.13
11.75  2.12
12.00  2.12
12.25  2.11
12.50  2.11
12.75  2.10
13.00  2.10
13.25  2.09
13.50  2.09
13.75  2.08
14.00  2.08
14.25  2.07
14.50  2.07
14.75  2.06
15.00  2.06
15.25  2.05
15.50  2.05
15.75  2.04
16.00  2.04
16.25  2.04
16.50  2.03
16.75  2.03
17.00  2.02
17.25  2.02
17.50  2.01
17.75  2.01
18.00  2.00
18.25  2.00
18.50  1.99
18.75  1.99
19.00  1.98
19.25  1.98
19.50  1.97
19.75  1.97
20.00  1.97
20.25  1.96
20.50  1.96
20.75  1.95
21.00  1.95
21.25  1.94
21.50  1.94
21.75  1.93
22.00  1.93
22.25  1.92
22.50  1.92
22.75  1.92
23.00  1.91
23.25  1.91
23.50  1.90
23.75  1.90
24.00  1.89
24.25  1.89
24.50  1.88
24.75  1.88
25.00  1.88
25.25  1.87
25.50  1.87
25.75  1.86
26.00  1.86
26.25  1.85
26.50  1.85
26.75  1.84
27.00  1.84
27.25  1.84
27.50  1.83
27.75  1.83
28.00  1.82
28.25  1.82
28.50  1.81
28.75  1.81
29.00  1.81
29.25  1.80
29.50  1.80
29.75  1.79
30.00  1.79
30.25  1.78
30.50  1.78
30.75  1.78
31.00  1.77
31.25  1.77
31.50  1.76
31.75  1.76
32.00  1.76
32.25  1.75
32.50  1.75
32.75  1.74
33.00  1.74
33.25  1.73
33.50  1.73
33.75  1.73
34.00  1.72
34.25  1.72
34.50  1.71
34.75  1.71
35.00  1.71
35.25  1.70
35.50  1.70
35.75  1.69
36.00  1.69
36.25  1.69
36.50  1.68
36.75  1.68
37.00  1.67
37.25  1.67
37.50  1.67
37.75  1.66
38.00  1.66
38.25  1.65
38.50  1.65
38.75  1.65
39.00  1.64
39.25  1.64
39.50  1.63
39.75  1.63
40.00  1.63
40.25  1.62
40.50  1.62
40.75  1.62
41.00  1.61
41.25  1.61
41.50  1.60
41.75  1.60
42.00  1.60
42.25  1.59
42.50  1.59
42.75  1.58
43.00  1.58
43.25  1.58
43.50  1.57
43.75  1.57
44.00  1.57
44.25  1.56
44.50  1.56
44.75  1.55
45.00  1.55
45.25  1.55
45.50  1.54
45.75  1.54
46.00  1.54
46.25  1.53
46.50  1.53
46.75  1.53
47.00  1.52
47.25  1.52
47.50  1.51
47.75  1.51
48.00  1.51
48.25  1.50
48.50  1.50
48.75  1.50
49.00  1.49
49.25  1.49
49.50  1.49
49.75  1.48
50.00  1.48
50.25  1.47
50.50  1.47
50.75  1.47
51.00  1.46
51.25  1.46
51.50  1.46
51.75  1.45
52.00  1.45
52.25  1.45
52.50  1.44
52.75  1.44
53.00  1.44
53.25  1.43
53.50  1.43
53.75  1.42
54.00  1.42
54.25  1.42
54.50  1.41
54.75  1.41
55.00  1.41
55.25  1.40
55.50  1.40
55.75  1.40
56.00  1.39
56.25  1.39
56.50  1.39
56.75  1.38
57.00  1.38
57.25  1.37
57.50  1.37
57.75  1.37
58.00  1.36
58.25  1.36
58.50  1.36
58.75  1.35
59.00  1.35
59.25  1.35
59.50  1.34
59.75  1.34
60.00  1.34
60.25  1.33
60.50  1.33
60.75  1.33
61.00  1.32
61.25  1.32
61.50  1.32
61.75  1.31
62.00  1.31
62.25  1.30
62.50  1.30
62.75  1.30
63.00  1.29
63.25  1.29
63.50  1.29
63.75  1.28
64.00  1.28
64.25  1.28
64.50  1.28
64.75  1.28
65.00  1.27
65.25  1.27
65.50  1.27
65.75  1.27
66.00  1.27
66.25  1.27
66.50  1.27
66.75  1.27
67.00  1.28
67.25  1.28
67.50  1.28
67.75  1.28
68.00  1.28
68.25  1.28
68.50  1.28
68.75  1.29
69.00  1.29
69.25  1.29
69.50  1.29
69.75  1.30
70.00  1.30
70.25  1.31
70.50  1.31
70.75  1.32
71.00  1.32
71.25  1.33
71.50  1.34
71.75  1.34
72.00  1.35
72.25  1.36
72.50  1.37
72.75  1.38
73.00  1.38
73.25  1.39
73.50  1.40
73.75  1.41
74.00  1.42
74.25  1.43
74.50  1.43
74.75  1.44
75.00  1.45
75.25  1.46
75.50  1.46
75.75  1.47
76.00  1.47
76.25  1.48
76.50  1.49
76.75  1.49
77.00  1.50
77.25  1.50
77.50  1.51
77.75  1.51
78.00  1.52
78.25  1.52
78.50  1.53
78.75  1.53
79.00  1.54
79.25  1.54
79.50  1.55
79.75  1.55
80.00  1.55
80.25  1.55
80.50  1.55
80.75  1.56
81.00  1.56
81.25  1.56
81.50  1.56
81.75  1.56
82.00  1.56
82.25  1.55
82.50  1.55
82.75  1.55
83.00  1.55
83.25  1.55
83.50  1.55
83.75  1.54
84.00  1.54
84.25  1.54
84.50  1.54
84.75  1.54
85.00  1.53
85.25  1.53
85.50  1.53
85.75  1.53
86.00  1.52
86.25  1.52
86.50  1.52
86.75  1.52
87.00  1.52
87.25  1.51
87.50  1.51
87.75  1.51
88.00  1.51
88.25  1.51
88.50  1.50
88.75  1.50
89.00  1.50
89.25  1.50
89.50  1.50
89.75  1.50
90.00  1.49
90.25  1.49
90.50  1.49
90.75  1.49
91.00  1.49
91.25  1.49
91.50  1.48
91.75  1.48
92.00  1.48
92.25  1.48
92.50  1.48
92.75  1.48
93.00  1.48
93.25  1.48
93.50  1.48
93.75  1.47
94.00  1.47
94.25  1.47
94.50  1.47
94.75  1.47
95.00  1.47
95.25  1.47
95.50  1.47
95.75  1.47
96.00  1.47
96.25  1.47
96.50  1.47
96.75  1.47
97.00  1.47
97.25  1.47
97.50  1.47
97.75  1.47
98.00  1.47
98.25  1.47
98.50  1.47
98.75  1.47
99.00  1.47
99.25  1.47
99.50  1.47
99.75  1.47
100.00  1.47
100.25  1.47
100.50  1.47
100.75  1.47
101.00  1.47
101.25  1.47
101.50  1.47
101.75  1.47
102.00  1.47
102.25  1.47
102.50  1.47
102.75  1.47
103.00  1.47
103.25  1.47
103.50  1.47
103.75  1.47
104.00  1.47
104.25  1.47
104.50  1.47
104.75  1.48
105.00  1.48
105.25  1.48
105.50  1.48
105.75  1.48
106.00  1.48
106.25  1.48
106.50  1.48
106.75  1.48
107.00  1.48
107.25  1.48
107.50  1.48
107.75  1.48
108.00  1.48
108.25  1.48
108.50  1.48
108.75  1.48
109.00  1.48
109.25  1.49
109.50  1.49
109.75  1.49
110.00  1.49
110.25  1.49
110.50  1.49
110.75  1.49
111.00  1.49
111.25  1.49
111.50  1.49
111.75  1.49
112.00  1.49
112.25  1.49
112.50  1.49
112.75  1.49
113.00  1.49
113.25  1.49
113.50  1.49
113.75  1.50
114.00  1.50
114.25  1.50
114.50  1.50
114.75  1.50
115.00  1.50
115.25  1.50
115.50  1.50
115.75  1.50
116.00  1.50
116.25  1.50
116.50  1.50
116.75  1.50
117.00  1.50
117.25  1.50
117.50  1.50
117.75  1.51
118.00  1.51
118.25  1.51
118.50  1.51
118.75  1.51
119.00  1.51
119.25  1.51
119.50  1.51
119.75  1.51
120.00  1.51
120.25  1.51
120.50  1.52
120.75  1.52
121.00  1.52
121.25  1.52
121.50  1.52
121.75  1.52
122.00  1.52
122.25  1.52
122.50  1.52
122.75  1.53
123.00  1.53
123.25  1.53
123.50  1.53
123.75  1.53
124.00  1.53
124.25  1.53
124.50  1.53
124.75  1.54
125.00  1.54
125.25  1.54
125.50  1.54
125.75  1.54
126.00  1.54
126.25  1.54
126.50  1.55
126.75  1.55
127.00  1.55
127.25  1.55
127.50  1.55
127.75  1.55
128.00  1.56
128.25  1.56
128.50  1.56
128.75  1.56
129.00  1.56
129.25  1.57
129.50  1.57
129.75  1.57
130.00  1.57
130.25  1.57
130.50  1.58
130.75  1.58
131.00  1.58
131.25  1.58
131.50  1.58
131.75  1.59
132.00  1.59
132.25  1.59
132.50  1.59
132.75  1.59
133.00  1.60
133.25  1.60
133.50  1.60
133.75  1.60
134.00  1.61
134.25  1.61
134.50  1.61
134.75  1.61
135.00  1.62
135.25  1.62
135.50  1.62
135.75  1.62
136.00  1.63
136.25  1.63
136.50  1.63
136.75  1.63
137.00  1.64
137.25  1.64
137.50  1.64
137.75  1.64
138.00  1.65
138.25  1.65
138.50  1.65
138.75  1.66
139.00  1.66
139.25  1.66
139.50  1.66
139.75  1.67
140.00  1.67
140.25  1.67
140.50  1.68
140.75  1.68
141.00  1.68
141.25  1.69
141.50  1.69
141.75  1.69
142.00  1.70
142.25  1.70
142.50  1.70
142.75  1.71
143.00  1.71
143.25  1.71
143.50  1.72
143.75  1.72
144.00  1.72
144.25  1.73
144.50  1.73
144.75  1.73
145.00  1.74
145.25  1.74
145.50  1.75
145.75  1.75
146.00  1.75
146.25  1.76
146.50  1.76
146.75  1.76
147.00  1.77
147.25  1.77
147.50  1.77
147.75  1.78
148.00  1.78
148.25  1.78
148.50  1.79
148.75  1.79
149.00  1.79
149.25  1.80
149.50  1.80
149.75  1.80
150.00  1.81
150.25  1.81
150.50  1.81
150.75  1.82
151.00  1.82
151.25  1.83
151.50  1.83
151.75  1.84
152.00  1.84
152.25  1.84
152.50  1.85
152.75  1.85
153.00  1.86
153.25  1.86
153.50  1.87
153.75  1.87
154.00  1.88
154.25  1.88
154.50  1.89
154.75  1.89
155.00  1.90
155.25  1.90
155.50  1.91
155.75  1.92
156.00  1.92
156.25  1.93
156.50  1.94
156.75  1.94
157.00  1.95
157.25  1.96
157.50  1.97
157.75  1.98
158.00  1.99
158.25  2.00
158.50  2.01
158.75  2.02
159.00  2.03
159.25  2.04
159.50  2.06
159.75  2.07
160.00  2.09
160.25  2.10
160.50  2.12
160.75  2.15
161.00  2.17
161.25  2.19
161.50  2.22
161.75  2.24
162.00  2.27
162.25  2.30
162.50  2.33
162.75  2.36
163.00  2.39
163.25  2.43
163.50  2.46
163.75  2.50
164.00  2.54
164.25  2.58
164.50  2.62
164.75  2.66
165.00  2.70
165.25  2.74
165.50  2.78
165.75  2.82
166.00  2.87
166.25  2.91
166.50  2.96
166.75  3.00
167.00  3.05
167.25  3.10
167.50  3.15
167.75  3.19
168.00  3.24
168.25  3.29
168.50  3.35
168.75  3.40
169.00  3.45
169.25  3.50
169.50  3.55
169.75  3.60
170.00  3.65
170.25  3.70
170.50  3.75
170.75  3.80
171.00  3.85
171.25  3.90
171.50  3.95
171.75  4.00
172.00  4.04
172.25  4.09
172.50  4.13
172.75  4.18
173.00  4.22
173.25  4.27
173.50  4.31
173.75  4.36
174.00  4.40
174.25  4.45
174.50  4.49
174.75  4.54
175.00  4.58
175.25  4.63
175.50  4.68
175.75  4.73
176.00  4.77
176.25  4.82
176.50  4.87
176.75  4.92
177.00  4.97
177.25  5.03
177.50  5.08
177.75  5.13
178.00  5.18
178.25  5.24
178.50  5.29
178.75  5.34
179.00  5.40
179.25  5.45
179.50  5.51
179.75  5.56
180.00  5.61
180.25  5.67
180.50  5.72
180.75  5.78
181.00  5.83
181.25  5.88
181.50  5.94
181.75  5.99
182.00  6.04
182.25  6.10
182.50  6.15
182.75  6.21
183.00  6.26
183.25  6.31
183.50  6.36
183.75  6.42
184.00  6.47
184.25  6.52
184.50  6.57
184.75  6.62
185.00  6.67
185.25  6.73
185.50  6.78
185.75  6.82
186.00  6.87
186.25  6.92
186.50  6.97
186.75  7.01
187.00  7.06
187.25  7.10
187.50  7.15
187.75  7.19
188.00  7.24
188.25  7.28
188.50  7.32
188.75  7.36
189.00  7.40
189.25  7.45
189.50  7.49
189.75  7.53
190.00  7.57
190.25  7.61
190.50  7.65
190.75  7.70
191.00  7.74
191.25  7.78
191.50  7.83
191.75  7.87
192.00  7.92
192.25  7.96
192.50  8.01
192.75  8.05
193.00  8.10
193.25  8.14
193.50  8.19
193.75  8.23
194.00  8.28
194.25  8.32
194.50  8.37
194.75  8.42
195.00  8.46
195.25  8.51
195.50  8.56
195.75  8.60
196.00  8.65
196.25  8.70
196.50  8.75
196.75  8.79
197.00  8.84
197.25  8.89
197.50  8.94
197.75  8.99
198.00  9.04
198.25  9.09
198.50  9.14
198.75  9.19
199.00  9.23
199.25  9.28
199.50  9.33
199.75  9.38
200.00  9.43
200.25  9.48
200.50  9.52
200.75  9.57
201.00  9.62
201.25  9.66
201.50  9.71
201.75  9.75
202.00  9.80
202.25  9.84
202.50  9.88
202.75  9.93
203.00  9.97
203.25 10.01
203.50 10.06
203.75 10.10
204.00 10.14
204.25 10.18
204.50 10.22
204.75 10.26
205.00 10.30
205.25 10.34
205.50 10.37
205.75 10.41
206.00 10.44
206.25 10.48
206.50 10.51
206.75 10.54
207.00 10.58
207.25 10.61
207.50 10.64
207.75 10.67
208.00 10.69
208.25 10.72
208.50 10.75
208.75 10.77
209.00 10.80
209.25 10.83
209.50 10.85
209.75 10.87
210.00 10.90
210.25 10.92
210.50 10.94
210.75 10.97
211.00 10.99
211.25 11.01
211.50 11.03
211.75 11.05
212.00 11.07
212.25 11.09
212.50 11.10
212.75 11.12
213.00 11.14
213.25 11.15
213.50 11.17
213.75 11.18
214.00 11.20
214.25 11.21
214.50 11.22
214.75 11.23
215.00 11.25
215.25 11.26
215.50 11.27
215.75 11.28
216.00 11.29
216.25 11.30
216.50 11.31
216.75 11.32
217.00 11.32
217.25 11.33
217.50 11.34
217.75 11.35
218.00 11.35
218.25 11.36
218.50 11.36
218.75 11.37
219.00 11.37
219.25 11.38
219.50 11.38
219.75 11.39
220.00 11.39
220.25 11.40
220.50 11.40
220.75 11.40
221.00 11.40
221.25 11.40
221.50 11.40
221.75 11.40
222.00 11.40
222.25 11.40
222.50 11.40
222.75 11.40
223.00 11.40
223.25 11.40
223.50 11.40
223.75 11.40
224.00 11.40
224.25 11.40
224.50 11.39
224.75 11.39
225.00 11.39
225.25 11.38
225.50 11.38
225.75 11.37
226.00 11.37
226.25 11.36
226.50 11.36
226.75 11.35
227.00 11.35
227.25 11.34
227.50 11.34
227.75 11.33
228.00 11.32
228.25 11.32
228.50 11.31
228.75 11.30
229.00 11.29
229.25 11.29
229.50 11.28
229.75 11.27
230.00 11.26
230.25 11.25
230.50 11.24
230.75 11.24
231.00 11.23
231.25 11.22
231.50 11.21
231.75 11.20
232.00 11.19
232.25 11.18
232.50 11.17
232.75 11.16
233.00 11.15
233.25 11.14
233.50 11.13
233.75 11.12
234.00 11.11
234.25 11.09
234.50 11.09
234.75 11.08
235.00 11.06
235.25 11.05
235.50 11.04
235.75 11.03
236.00 11.02
236.25 11.01
236.50 11.00
236.75 10.98
237.00 10.97
237.25 10.96
237.50 10.95
237.75 10.94
238.00 10.93
238.25 10.92
238.50 10.91
238.75 10.89
239.00 10.88
239.25 10.87
239.50 10.86
239.75 10.84
240.00 10.83
240.25 10.82
240.50 10.81
240.75 10.79
241.00 10.78
241.25 10.77
241.50 10.76
241.75 10.75
242.00 10.73
242.25 10.72
242.50 10.71
242.75 10.70
243.00 10.68
243.25 10.67
243.50 10.66
243.75 10.65
244.00 10.63
244.25 10.62
244.50 10.61
244.75 10.59
245.00 10.58
245.25 10.57
245.50 10.55
245.75 10.54
246.00 10.53
246.25 10.51
246.50 10.50
246.75 10.49
247.00 10.47
247.25 10.46
247.50 10.45
247.75 10.43
248.00 10.42
248.25 10.41
248.50 10.39
248.75 10.38
249.00 10.37
249.25 10.35
249.50 10.34
249.75 10.33
250.00 10.31
250.25 10.30
250.50 10.28
250.75 10.27
251.00 10.26
251.25 10.24
251.50 10.23
251.75 10.21
252.00 10.20
252.25 10.19
252.50 10.17
252.75 10.16
253.00 10.15
253.25 10.13
253.50 10.12
253.75 10.11
254.00 10.09
254.25 10.08
254.50 10.06
254.75 10.05
255.00 10.04
255.25 10.02
255.50 10.01
255.75 10.00
256.00  9.98
256.25  9.97
256.50  9.96
256.75  9.94
257.00  9.93
257.25  9.92
257.50  9.90
257.75  9.89
258.00  9.88
258.25  9.86
258.50  9.85
258.75  9.84
259.00  9.82
259.25  9.81
259.50  9.80
259.75  9.78
260.00  9.77
260.25  9.76
260.50  9.74
260.75  9.73
261.00  9.72
261.25  9.70
261.50  9.69
261.75  9.68
262.00  9.67
262.25  9.65
262.50  9.64
262.75  9.63
263.00  9.62
263.25  9.60
263.50  9.59
263.75  9.58
264.00  9.57
264.25  9.55
264.50  9.54
264.75  9.53
265.00  9.52
265.25  9.51
265.50  9.49
265.75  9.48
266.00  9.47
266.25  9.46
266.50  9.45
266.75  9.44
267.00  9.43
267.25  9.41
267.50  9.40
267.75  9.39
268.00  9.38
268.25  9.37
268.50  9.36
268.75  9.35
269.00  9.34
269.25  9.33
269.50  9.32
269.75  9.30
270.00  9.29
270.25  9.28
270.50  9.27
270.75  9.26
271.00  9.25
271.25  9.24
271.50  9.23
271.75  9.22
272.00  9.21
272.25  9.21
272.50  9.20
272.75  9.19
273.00  9.18
273.25  9.17
273.50  9.16
273.75  9.15
274.00  9.14
274.25  9.13
274.50  9.12
274.75  9.11
275.00  9.10
275.25  9.09
275.50  9.08
275.75  9.07
276.00  9.07
276.25  9.06
276.50  9.05
276.75  9.04
277.00  9.03
277.25  9.02
277.50  9.01
277.75  9.01
278.00  9.00
278.25  8.99
278.50  8.98
278.75  8.97
279.00  8.96
279.25  8.96
279.50  8.95
279.75  8.94
280.00  8.93
280.25  8.92
280.50  8.92
280.75  8.91
281.00  8.90
281.25  8.89
281.50  8.88
281.75  8.88
282.00  8.87
282.25  8.86
282.50  8.85
282.75  8.85
283.00  8.84
283.25  8.83
283.50  8.82
283.75  8.82
284.00  8.81
284.25  8.80
284.50  8.79
284.75  8.79
285.00  8.78
285.25  8.77
285.50  8.76
285.75  8.76
286.00  8.75
286.25  8.74
286.50  8.73
286.75  8.73
287.00  8.72
287.25  8.71
287.50  8.71
287.75  8.70
288.00  8.69
288.25  8.69
288.50  8.68
288.75  8.67
289.00  8.67
289.25  8.66
289.50  8.65
289.75  8.65
290.00  8.64
290.25  8.63
290.50  8.63
290.75  8.62
291.00  8.61
291.25  8.61
291.50  8.60
291.75  8.59
292.00  8.59
292.25  8.58
292.50  8.57
292.75  8.57
293.00  8.56
293.25  8.55
293.50  8.55
293.75  8.54
294.00  8.53
294.25  8.53
294.50  8.52
294.75  8.52
295.00  8.51
295.25  8.50
295.50  8.50
295.75  8.49
296.00  8.49
296.25  8.48
296.50  8.47
296.75  8.47
297.00  8.46
297.25  8.46
297.50  8.45
297.75  8.44
298.00  8.44
298.25  8.43
298.50  8.43
298.75  8.42
299.00  8.42
299.25  8.41
299.50  8.40
299.75  8.40
300.00  8.39
300.25  8.39
300.50  8.38
300.75  8.38
301.00  8.37
301.25  8.36
301.50  8.36
301.75  8.35
302.00  8.35
302.25  8.34
302.50  8.34
302.75  8.33
303.00  8.33
303.25  8.32
303.50  8.31
303.75  8.31
304.00  8.30
304.25  8.30
304.50  8.29
304.75  8.29
305.00  8.28
305.25  8.28
305.50  8.27
305.75  8.27
306.00  8.26
306.25  8.25
306.50  8.25
306.75  8.24
307.00  8.24
307.25  8.23
307.50  8.23
307.75  8.22
308.00  8.22
308.25  8.21
308.50  8.20
308.75  8.20
309.00  8.19
309.25  8.19
309.50  8.18
309.75  8.18
310.00  8.17
310.25  8.17
310.50  8.16
310.75  8.16
311.00  8.15
311.25  8.14
311.50  8.14
311.75  8.13
312.00  8.13
312.25  8.12
312.50  8.12
312.75  8.11
313.00  8.11
313.25  8.10
313.50  8.09
313.75  8.09
314.00  8.08
314.25  8.08
314.50  8.07
314.75  8.07
315.00  8.06
315.25  8.06
315.50  8.05
315.75  8.04
316.00  8.04
316.25  8.03
316.50  8.03
316.75  8.02
317.00  8.02
317.25  8.01
317.50  8.01
317.75  8.00
318.00  7.99
318.25  7.99
318.50  7.98
318.75  7.98
319.00  7.97
319.25  7.97
319.50  7.96
319.75  7.95
320.00  7.95
320.25  7.94
320.50  7.94
320.75  7.93
321.00  7.92
321.25  7.92
321.50  7.91
321.75  7.91
322.00  7.90
322.25  7.90
322.50  7.89
322.75  7.88
323.00  7.88
323.25  7.87
323.50  7.87
323.75  7.86
324.00  7.86
324.25  7.85
324.50  7.84
324.75  7.84
325.00  7.83
325.25  7.83
325.50  7.82
325.75  7.81
326.00  7.81
326.25  7.80
326.50  7.80
326.75  7.79
327.00  7.79
327.25  7.78
327.50  7.77
327.75  7.77
328.00  7.76
328.25  7.76
328.50  7.75
328.75  7.74
329.00  7.74
329.25  7.73
329.50  7.73
329.75  7.72
330.00  7.72
330.25  7.71
330.50  7.70
330.75  7.70
331.00  7.69
331.25  7.69
331.50  7.68
331.75  7.67
332.00  7.67
332.25  7.66
332.50  7.66
332.75  7.65
333.00  7.65
333.25  7.64
333.50  7.63
333.75  7.63
334.00  7.62
334.25  7.62
334.50  7.61
334.75  7.60
335.00  7.60
335.25  7.59
335.50  7.59
335.75  7.58
336.00  7.58
336.25  7.57
336.50  7.56
336.75  7.56
337.00  7.55
337.25  7.55
337.50  7.54
337.75  7.54
338.00  7.53
338.25  7.52
338.50  7.52
338.75  7.51
339.00  7.51
339.25  7.50
339.50  7.50
339.75  7.49
340.00  7.49
340.25  7.48
340.50  7.47
340.75  7.47
341.00  7.46
341.25  7.46
341.50  7.45
341.75  7.45
342.00  7.44
342.25  7.44
342.50  7.43
342.75  7.43
343.00  7.42
343.25  7.42
343.50  7.41
343.75  7.40
344.00  7.40
344.25  7.39
344.50  7.39
344.75  7.38
345.00  7.38
345.25  7.37
345.50  7.37
345.75  7.36
346.00  7.36
346.25  7.35
346.50  7.35
346.75  7.34
347.00  7.33
347.25  7.33
347.50  7.32
347.75  7.32
348.00  7.31
348.25  7.31
348.50  7.30
348.75  7.30
349.00  7.29
349.25  7.29
349.50  7.28
349.75  7.28
350.00  7.27
350.25  7.27
350.50  7.26
350.75  7.25
351.00  7.25
351.25  7.24
351.50  7.24
351.75  7.23
352.00  7.23
352.25  7.22
352.50  7.22
352.75  7.21
353.00  7.21
353.25  7.20
353.50  7.19
353.75  7.19
354.00  7.18
354.25  7.18
354.50  7.17
354.75  7.17
355.00  7.16
355.25  7.16
355.50  7.15
355.75  7.15
356.00  7.14
356.25  7.13
356.50  7.13
356.75  7.12
357.00  7.12
357.25  7.11
357.50  7.11
357.75  7.10
358.00  7.10
358.25  7.09
358.50  7.08
358.75  7.08
359.00  7.07
359.25  7.07
359.50  7.06
359.75  7.06
360.00  7.05
360.25  7.04
360.50  7.04
360.75  7.03
361.00  7.03
361.25  7.02
361.50  7.01
361.75  7.01
362.00  7.00
362.25  7.00
362.50  6.99
362.75  6.98
363.00  6.98
363.25  6.97
363.50  6.97
363.75  6.96
364.00  6.95
364.25  6.95
364.50  6.94
364.75  6.93
365.00  6.93
365.25  6.92
365.50  6.91
365.75  6.91
366.00  6.90
366.25  6.89
366.50  6.89
366.75  6.88
367.00  6.87
367.25  6.86
367.50  6.86
367.75  6.85
368.00  6.84
368.25  6.83
368.50  6.83
368.75  6.82
369.00  6.81
369.25  6.80
369.50  6.79
369.75  6.78
370.00  6.78
370.25  6.77
370.50  6.76
370.75  6.75
371.00  6.74
371.25  6.73
371.50  6.72
371.75  6.71
372.00  6.70
372.25  6.69
372.50  6.68
372.75  6.67
373.00  6.66
373.25  6.65
373.50  6.64
373.75  6.63
374.00  6.62
374.25  6.61
374.50  6.60
374.75  6.59
375.00  6.58
375.25  6.56
375.50  6.55
375.75  6.54
376.00  6.53
376.25  6.52
376.50  6.51
376.75  6.49
377.00  6.48
377.25  6.47
377.50  6.46
377.75  6.45
378.00  6.43
378.25  6.42
378.50  6.41
378.75  6.40
379.00  6.39
379.25  6.37
379.50  6.36
379.75  6.35
380.00  6.34
380.25  6.32
380.50  6.31
380.75  6.30
381.00  6.29
381.25  6.28
381.50  6.26
381.75  6.25
382.00  6.24
382.25  6.23
382.50  6.21
382.75  6.20
383.00  6.19
383.25  6.18
383.50  6.17
383.75  6.16
384.00  6.14
384.25  6.13
384.50  6.12
384.75  6.11
385.00  6.10
385.25  6.08
385.50  6.07
385.75  6.06
386.00  6.05
386.25  6.04
386.50  6.03
386.75  6.02
387.00  6.00
387.25  5.99
387.50  5.98
387.75  5.97
388.00  5.96
388.25  5.95
388.50  5.94
388.75  5.93
389.00  5.92
389.25  5.90
389.50  5.89
389.75  5.88
390.00  5.87
390.25  5.86
390.50  5.85
390.75  5.84
391.00  5.83
391.25  5.82
391.50  5.81
391.75  5.80
392.00  5.79
392.25  5.78
392.50  5.77
392.75  5.75
393.00  5.74
393.25  5.73
393.50  5.72
393.75  5.71
394.00  5.70
394.25  5.69
394.50  5.68
394.75  5.67
395.00  5.66
395.25  5.65
395.50  5.64
395.75  5.63
396.00  5.62
396.25  5.61
396.50  5.60
396.75  5.59
397.00  5.58
397.25  5.57
397.50  5.56
397.75  5.55
398.00  5.54
398.25  5.53
398.50  5.52
398.75  5.51
399.00  5.50
399.25  5.49
399.50  5.48
399.75  5.48
400.00  5.47
400.25  5.46
400.50  5.45
400.75  5.44
401.00  5.43
401.25  5.42
401.50  5.41
401.75  5.40
402.00  5.39
402.25  5.38
402.50  5.37
402.75  5.36
403.00  5.35
403.25  5.34
403.50  5.33
403.75  5.32
404.00  5.31
404.25  5.31
404.50  5.30
404.75  5.29
405.00  5.28
405.25  5.27
405.50  5.26
405.75  5.25
406.00  5.24
406.25  5.23
406.50  5.22
406.75  5.21
407.00  5.20
407.25  5.19
407.50  5.18
407.75  5.17
408.00  5.16
408.25  5.16
408.50  5.15
408.75  5.14
409.00  5.13
409.25  5.12
409.50  5.11
409.75  5.10
410.00  5.09
410.25  5.08
410.50  5.07
410.75  5.06
411.00  5.06
411.25  5.05
411.50  5.04
411.75  5.03
412.00  5.02
412.25  5.01
412.50  5.00
412.75  4.99
413.00  4.98
413.25  4.97
413.50  4.97
413.75  4.96
414.00  4.95
414.25  4.94
414.50  4.93
414.75  4.92
415.00  4.91
415.25  4.90
415.50  4.90
415.75  4.89
416.00  4.88
416.25  4.87
416.50  4.86
416.75  4.85
417.00  4.84
417.25  4.83
417.50  4.83
417.75  4.82
418.00  4.81
418.25  4.80
418.50  4.79
418.75  4.78
419.00  4.77
419.25  4.76
419.50  4.76
419.75  4.75
420.00  4.74
420.25  4.73
420.50  4.72
420.75  4.71
421.00  4.70
421.25  4.70
421.50  4.69
421.75  4.68
422.00  4.67
422.25  4.66
422.50  4.65
422.75  4.65
423.00  4.64
423.25  4.63
423.50  4.62
423.75  4.61
424.00  4.60
424.25  4.59
424.50  4.59
424.75  4.58
425.00  4.57
425.25  4.56
425.50  4.55
425.75  4.54
426.00  4.54
426.25  4.53
426.50  4.52
426.75  4.51
427.00  4.50
427.25  4.49
427.50  4.49
427.75  4.48
428.00  4.47
428.25  4.46
428.50  4.45
428.75  4.45
429.00  4.44
429.25  4.43
429.50  4.42
429.75  4.41
430.00  4.41
430.25  4.40
430.50  4.39
430.75  4.38
431.00  4.37
431.25  4.37
431.50  4.36
431.75  4.35
432.00  4.34
432.25  4.33
432.50  4.33
432.75  4.32
433.00  4.31
433.25  4.30
433.50  4.30
433.75  4.29
434.00  4.28
434.25  4.27
434.50  4.26
434.75  4.26
435.00  4.25
435.25  4.24
435.50  4.23
435.75  4.23
436.00  4.22
436.25  4.21
436.50  4.20
436.75  4.20
437.00  4.19
437.25  4.18
437.50  4.17
437.75  4.17
438.00  4.16
438.25  4.15
438.50  4.14
438.75  4.14
439.00  4.13
439.25  4.12
439.50  4.11
439.75  4.11
440.00  4.10
440.25  4.09
440.50  4.08
440.75  4.08
441.00  4.07
441.25  4.06
441.50  4.05
441.75  4.05
442.00  4.04
442.25  4.03
442.50  4.02
442.75  4.02
443.00  4.01
443.25  4.00
443.50  3.99
443.75  3.99
444.00  3.98
444.25  3.97
444.50  3.96
444.75  3.96
445.00  3.95
445.25  3.94
445.50  3.93
445.75  3.93
446.00  3.92
446.25  3.91
446.50  3.90
446.75  3.90
447.00  3.89
447.25  3.88
447.50  3.88
447.75  3.87
448.00  3.86
448.25  3.86
448.50  3.85
448.75  3.84
449.00  3.84
449.25  3.83
449.50  3.83
449.75  3.82
450.00  3.81
450.25  3.81
450.50  3.80
450.75  3.80
451.00  3.79
451.25  3.79
451.50  3.78
451.75  3.77
452.00  3.77
452.25  3.76
452.50  3.76
452.75  3.75
453.00  3.75
453.25  3.74
453.50  3.74
453.75  3.73
454.00  3.73
454.25  3.72
454.50  3.72
454.75  3.71
455.00  3.70
455.25  3.70
455.50  3.70
455.75  3.69
456.00  3.69
456.25  3.68
456.50  3.68
456.75  3.68
457.00  3.67
457.25  3.67
457.50  3.67
457.75  3.66
458.00  3.66
458.25  3.66
458.50  3.65
458.75  3.65
459.00  3.65
459.25  3.64
459.50  3.64
459.75  3.63
460.00  3.63
460.25  3.63
460.50  3.63
460.75  3.62
461.00  3.62
461.25  3.62
461.50  3.62
461.75  3.61
462.00  3.61
462.25  3.61
462.50  3.61
462.75  3.61
463.00  3.61
463.25  3.60
463.50  3.60
463.75  3.60
464.00  3.60
464.25  3.60
464.50  3.60
464.75  3.60
465.00  3.60
465.25  3.60
465.50  3.59
465.75  3.59
466.00  3.59
466.25  3.59
466.50  3.59
466.75  3.59
467.00  3.58
467.25  3.58
467.50  3.58
467.75  3.58
468.00  3.58
468.25  3.57
468.50  3.57
468.75  3.57
469.00  3.56
469.25  3.56
469.50  3.56
469.75  3.56
470.00  3.55
470.25  3.55
470.50  3.55
470.75  3.54
471.00  3.54
471.25  3.54
471.50  3.53
471.75  3.53
472.00  3.52
472.25  3.52
472.50  3.52
472.75  3.51
473.00  3.51
473.25  3.50
473.50  3.50
473.75  3.50
474.00  3.49
474.25  3.49
474.50  3.49
474.75  3.48
475.00  3.48
475.25  3.48
475.50  3.47
475.75  3.47
476.00  3.47
476.25  3.46
476.50  3.46
476.75  3.46
477.00  3.45
477.25  3.45
477.50  3.45
477.75  3.45
478.00  3.44
478.25  3.44
478.50  3.44
478.75  3.44
479.00  3.44
479.25  3.44
479.50  3.44
479.75  3.44
480.00  3.44
480.25  3.45
480.50  3.45
480.75  3.45
481.00  3.45
481.25  3.46
481.50  3.46
481.75  3.46
482.00  3.47
482.25  3.47
482.50  3.48
482.75  3.48
483.00  3.49
483.25  3.49
483.50  3.50
483.75  3.51
484.00  3.51
484.25  3.52
484.50  3.53
484.75  3.53
485.00  3.54
485.25  3.55
485.50  3.56
485.75  3.56
486.00  3.57
486.25  3.58
486.50  3.59
486.75  3.60
487.00  3.60
487.25  3.61
487.50  3.62
487.75  3.63
488.00  3.63
488.25  3.64
488.50  3.65
488.75  3.65
489.00  3.66
489.25  3.66
489.50  3.67
489.75  3.67
490.00  3.67
490.25  3.68
490.50  3.68
490.75  3.68
491.00  3.69
491.25  3.69
491.50  3.69
491.75  3.69
492.00  3.70
492.25  3.70
492.50  3.70
492.75  3.70
493.00  3.70
493.25  3.70
493.50  3.69
493.75  3.69
494.00  3.69
494.25  3.69
494.50  3.69
494.75  3.68
495.00  3.68
495.25  3.68
495.50  3.68
495.75  3.67
496.00  3.67
496.25  3.67
496.50  3.66
496.75  3.66
497.00  3.66
497.25  3.65
497.50  3.65
497.75  3.65
498.00  3.64
498.25  3.64
498.50  3.64
498.75  3.63
499.00  3.63
499.25  3.63
499.50  3.62
499.75  3.62
500.00  3.62
500.25  3.61
500.50  3.61
500.75  3.61
501.00  3.60
501.25  3.60
501.50  3.60
501.75  3.59
502.00  3.59
502.25  3.59
502.50  3.58
502.75  3.58
503.00  3.58
503.25  3.57
503.50  3.57
503.75  3.57
504.00  3.56
504.25  3.56
504.50  3.56
504.75  3.55
505.00  3.55
505.25  3.55
505.50  3.55
505.75  3.54
506.00  3.54
506.25  3.54
506.50  3.53
506.75  3.53
507.00  3.53
507.25  3.52
507.50  3.52
507.75  3.52
508.00  3.52
508.25  3.51
508.50  3.51
508.75  3.51
509.00  3.50
509.25  3.50
509.50  3.50
509.75  3.50
510.00  3.49
510.25  3.49
510.50  3.49
510.75  3.48
511.00  3.48
511.25  3.48
511.50  3.47
511.75  3.47
512.00  3.47
512.25  3.47
512.50  3.46
512.75  3.46
513.00  3.46
513.25  3.45
513.50  3.45
513.75  3.45
514.00  3.45
514.25  3.44
514.50  3.44
514.75  3.44
515.00  3.43
515.25  3.43
515.50  3.43
515.75  3.42
516.00  3.42
516.25  3.42
516.50  3.42
516.75  3.41
517.00  3.41
517.25  3.41
517.50  3.40
517.75  3.40
518.00  3.40
518.25  3.39
518.50  3.39
518.75  3.39
519.00  3.38
519.25  3.38
519.50  3.38
519.75  3.37
520.00  3.37
520.25  3.37
520.50  3.37
520.75  3.36
521.00  3.36
521.25  3.36
521.50  3.35
521.75  3.35
522.00  3.35
522.25  3.34
522.50  3.34
522.75  3.34
523.00  3.33
523.25  3.33
523.50  3.33
523.75  3.32
524.00  3.32
524.25  3.32
524.50  3.32
524.75  3.31
525.00  3.31
525.25  3.31
525.50  3.30
525.75  3.30
526.00  3.30
526.25  3.29
526.50  3.29
526.75  3.29
527.00  3.28
527.25  3.28
527.50  3.28
527.75  3.27
528.00  3.27
528.25  3.27
528.50  3.26
528.75  3.26
529.00  3.26
529.25  3.25
529.50  3.25
529.75  3.25
530.00  3.25
530.25  3.24
530.50  3.24
530.75  3.24
531.00  3.23
531.25  3.23
531.50  3.23
531.75  3.22
532.00  3.22
532.25  3.22
532.50  3.21
532.75  3.21
533.00  3.21
533.25  3.20
533.50  3.20
533.75  3.20
534.00  3.19
534.25  3.19
534.50  3.19
534.75  3.18
535.00  3.18
535.25  3.18
535.50  3.17
535.75  3.17
536.00  3.17
536.25  3.16
536.50  3.16
536.75  3.16
537.00  3.15
537.25  3.15
537.50  3.15
537.75  3.14
538.00  3.14
538.25  3.14
538.50  3.13
538.75  3.13
539.00  3.13
539.25  3.12
539.50  3.12
539.75  3.12
540.00  3.11
540.25  3.11
540.50  3.11
540.75  3.10
541.00  3.10
541.25  3.10
541.50  3.09
541.75  3.09
542.00  3.09
542.25  3.08
542.50  3.08
542.75  3.08
543.00  3.07
543.25  3.07
543.50  3.07
543.75  3.06
544.00  3.06
544.25  3.06
544.50  3.05
544.75  3.05
545.00  3.05
545.25  3.04
545.50  3.04
545.75  3.04
546.00  3.03
546.25  3.03
546.50  3.03
546.75  3.02
547.00  3.02
547.25  3.02
547.50  3.01
547.75  3.01
548.00  3.01
548.25  3.00
548.50  3.00
548.75  2.99
549.00  2.99
549.25  2.99
549.50  2.98
549.75  2.98
550.00  2.98
550.25  2.97
550.50  2.97
550.75  2.97
551.00  2.96
551.25  2.96
551.50  2.95
551.75  2.95
552.00  2.95
552.25  2.94
552.50  2.94
552.75  2.94
553.00  2.93
553.25  2.93
553.50  2.92
553.75  2.92
554.00  2.92
554.25  2.91
554.50  2.91
554.75  2.91
555.00  2.90
555.25  2.90
555.50  2.89
555.75  2.89
556.00  2.89
556.25  2.88
556.50  2.88
556.75  2.87
557.00  2.87
557.25  2.87
557.50  2.86
557.75  2.86
558.00  2.86
558.25  2.85
558.50  2.85
558.75  2.84
559.00  2.84
559.25  2.84
559.50  2.83
559.75  2.83
560.00  2.82
560.25  2.82
560.50  2.82
560.75  2.81
561.00  2.81
561.25  2.80
561.50  2.80
561.75  2.80
562.00  2.79
562.25  2.79
562.50  2.78
562.75  2.78
563.00  2.78
563.25  2.77
563.50  2.77
563.75  2.76
564.00  2.76
564.25  2.76
564.50  2.75
564.75  2.75
565.00  2.75
565.25  2.74
565.50  2.74
565.75  2.73
566.00  2.73
566.25  2.73
566.50  2.72
566.75  2.72
567.00  2.71
567.25  2.71
567.50  2.71
567.75  2.70
568.00  2.70
568.25  2.69
568.50  2.69
568.75  2.69
569.00  2.68
569.25  2.68
569.50  2.67
569.75  2.67
570.00  2.67
570.25  2.66
570.50  2.66
570.75  2.65
571.00  2.65
571.25  2.64
571.50  2.64
571.75  2.64
572.00  2.63
572.25  2.63
572.50  2.62
572.75  2.62
573.00  2.62
573.25  2.61
573.50  2.61
573.75  2.60
574.00  2.60
574.25  2.60
574.50  2.59
574.75  2.59
575.00  2.58
575.25  2.58
575.50  2.58
575.75  2.57
576.00  2.57
576.25  2.56
576.50  2.56
576.75  2.55
577.00  2.55
577.25  2.55
577.50  2.54
577.75  2.54
578.00  2.53
578.25  2.53
578.50  2.53
578.75  2.52
579.00  2.52
579.25  2.51
579.50  2.51
579.75  2.51
580.00  2.50
580.25  2.50
580.50  2.49
580.75  2.49
581.00  2.48
581.25  2.48
581.50  2.48
581.75  2.47
582.00  2.47
582.25  2.46
582.50  2.46
582.75  2.46
583.00  2.45
583.25  2.45
583.50  2.44
583.75  2.44
584.00  2.44
584.25  2.43
584.50  2.43
584.75  2.42
585.00  2.42
585.25  2.41
585.50  2.41
585.75  2.41
586.00  2.40
586.25  2.40
586.50  2.39
586.75  2.39
587.00  2.39
587.25  2.38
587.50  2.38
587.75  2.37
588.00  2.37
588.25  2.37
588.50  2.36
588.75  2.36
589.00  2.35
589.25  2.35
589.50  2.34
589.75  2.34
590.00  2.34
590.25  2.33
590.50  2.33
590.75  2.32
591.00  2.32
591.25  2.32
591.50  2.31
591.75  2.31
592.00  2.30
592.25  2.30
592.50  2.30
592.75  2.29
593.00  2.29
593.25  2.28
593.50  2.28
593.75  2.28
594.00  2.27
594.25  2.27
594.50  2.26
594.75  2.26
595.00  2.26
595.25  2.25
595.50  2.25
595.75  2.24
596.00  2.24
596.25  2.24
596.50  2.23
596.75  2.23
597.00  2.22
597.25  2.22
597.50  2.22
597.75  2.21
598.00  2.21
598.25  2.20
598.50  2.20
598.75  2.20
599.00  2.19
599.25  2.19
599.50  2.18
599.75  2.18
600.00  2.18
600.25  2.17
600.50  2.17
600.75  2.16
601.00  2.16
601.25  2.16
601.50  2.15
601.75  2.15
602.00  2.14
602.25  2.14
602.50  2.14
602.75  2.13
603.00  2.13
603.25  2.12
603.50  2.12
603.75  2.12
604.00  2.11
604.25  2.11
604.50  2.11
604.75  2.10
605.00  2.10
605.25  2.09
605.50  2.09
605.75  2.09
606.00  2.08
606.25  2.08
606.50  2.07
606.75  2.07
607.00  2.07
607.25  2.06
607.50  2.06
607.75  2.05
608.00  2.05
608.25  2.05
608.50  2.04
608.75  2.04
609.00  2.04
609.25  2.03
609.50  2.03
609.75  2.02
610.00  2.02
610.25  2.02
610.50  2.01
610.75  2.01
611.00  2.01
611.25  2.00
611.50  2.00
611.75  1.99
612.00  1.99
612.25  1.99
612.50  1.98
612.75  1.98
613.00  1.98
613.25  1.97
613.50  1.97
613.75  1.97
614.00  1.96
614.25  1.96
614.50  1.95
614.75  1.95
615.00  1.95
615.25  1.94
615.50  1.94
615.75  1.94
616.00  1.93
616.25  1.93
616.50  1.93
616.75  1.92
617.00  1.92
617.25  1.91
617.50  1.91
617.75  1.91
618.00  1.90
618.25  1.90
618.50  1.90
618.75  1.89
619.00  1.89
619.25  1.89
619.50  1.88
619.75  1.88
620.00  1.88
620.25  1.87
620.50  1.87
620.75  1.86
621.00  1.86
621.25  1.86
621.50  1.85
621.75  1.85
622.00  1.85
622.25  1.84
622.50  1.84
622.75  1.84
623.00  1.83
623.25  1.83
623.50  1.83
623.75  1.82
624.00  1.82
624.25  1.82
624.50  1.81
624.75  1.81
625.00  1.80
625.25  1.80
625.50  1.80
625.75  1.79
626.00  1.79
626.25  1.79
626.50  1.78
626.75  1.78
627.00  1.78
627.25  1.77
627.50  1.77
627.75  1.77
628.00  1.76
628.25  1.76
628.50  1.76
628.75  1.75
629.00  1.75
629.25  1.74
629.50  1.74
629.75  1.74
630.00  1.73
630.25  1.73
630.50  1.73
630.75  1.72
631.00  1.72
631.25  1.72
631.50  1.71
631.75  1.71
632.00  1.71
632.25  1.70
632.50  1.70
632.75  1.70
633.00  1.69
633.25  1.69
633.50  1.69
633.75  1.68
634.00  1.68
634.25  1.68
634.50  1.67
634.75  1.67
635.00  1.67
635.25  1.66
635.50  1.66
635.75  1.65
636.00  1.65
636.25  1.65
636.50  1.64
636.75  1.64
637.00  1.64
637.25  1.63
637.50  1.63
637.75  1.63
638.00  1.62
638.25  1.62
638.50  1.62
638.75  1.61
639.00  1.61
639.25  1.61
639.50  1.60
639.75  1.60
640.00  1.60
640.25  1.59
640.50  1.59
640.75  1.59
641.00  1.58
641.25  1.58
641.50  1.58
641.75  1.57
642.00  1.57
642.25  1.57
642.50  1.57
642.75  1.56
643.00  1.56
643.25  1.56
643.50  1.55
643.75  1.55
644.00  1.55
644.25  1.54
644.50  1.54
644.75  1.54
645.00  1.53
645.25  1.53
645.50  1.53
645.75  1.52
646.00  1.52
646.25  1.52
646.50  1.51
646.75  1.51
647.00  1.51
647.25  1.50
647.50  1.50
647.75  1.50
648.00  1.49
648.25  1.49
648.50  1.49
648.75  1.48
649.00  1.48
649.25  1.48
649.50  1.47
649.75  1.47
650.00  1.47
650.25  1.46
650.50  1.46
650.75  1.46
651.00  1.45
651.25  1.45
651.50  1.45
651.75  1.44
652.00  1.44
652.25  1.44
652.50  1.43
652.75  1.43
653.00  1.43
653.25  1.42
653.50  1.42
653.75  1.42
654.00  1.41
654.25  1.41
654.50  1.41
654.75  1.40
655.00  1.40
655.25  1.40
655.50  1.40
655.75  1.39
656.00  1.39
656.25  1.39
656.50  1.38
656.75  1.38
657.00  1.38
657.25  1.37
657.50  1.37
657.75  1.37
658.00  1.36
658.25  1.36
658.50  1.36
658.75  1.35
659.00  1.35
659.25  1.35
659.50  1.34
659.75  1.34
660.00  1.34
660.25  1.33
660.50  1.33
660.75  1.33
661.00  1.32
661.25  1.32
661.50  1.32
661.75  1.31
662.00  1.31
662.25  1.31
662.50  1.31
662.75  1.30
663.00  1.30
663.25  1.30
663.50  1.29
663.75  1.29
664.00  1.29
664.25  1.28
664.50  1.28
664.75  1.28
665.00  1.27
665.25  1.27
665.50  1.27
665.75  1.26
666.00  1.26
666.25  1.26
666.50  1.25
666.75  1.25
667.00  1.25
667.25  1.24
667.50  1.24
667.75  1.24
668.00  1.24
668.25  1.23
668.50  1.23
668.75  1.23
669.00  1.22
669.25  1.22
669.50  1.22
669.75  1.21
670.00  1.21
670.25  1.21
670.50  1.20
670.75  1.20
671.00  1.20
671.25  1.19
671.50  1.19
671.75  1.19
672.00  1.18
672.25  1.18
672.50  1.18
672.75  1.18
673.00  1.17
673.25  1.17
673.50  1.17
673.75  1.16
674.00  1.16
674.25  1.16
674.50  1.15
674.75  1.15
675.00  1.15
675.25  1.14
675.50  1.14
675.75  1.14
676.00  1.13
676.25  1.13
676.50  1.13
676.75  1.13
677.00  1.12
677.25  1.12
677.50  1.12
677.75  1.11
678.00  1.11
678.25  1.11
678.50  1.10
678.75  1.10
679.00  1.10
679.25  1.09
679.50  1.09
679.75  1.09
680.00  1.08
680.25  1.08
680.50  1.08
680.75  1.08
681.00  1.07
681.25  1.07
681.50  1.07
681.75  1.06
682.00  1.06
682.25  1.06
682.50  1.05
682.75  1.05
683.00  1.05
683.25  1.04
683.50  1.04
683.75  1.04
684.00  1.03
684.25  1.03
684.50  1.03
684.75  1.03
685.00  1.02
685.25  1.02
685.50  1.02
685.75  1.01
686.00  1.01
686.25  1.01
686.50  1.00
686.75  1.00
687.00  1.00
687.25  0.99
687.50  0.99
687.75  0.99
688.00  0.98
688.25  0.98
688.50  0.98
688.75  0.98
689.00  0.97
689.25  0.97
689.50  0.97
689.75  0.96
690.00  0.96
690.25  0.96
690.50  0.95
690.75  0.95
691.00  0.95
691.25  0.94
691.50  0.94
691.75  0.94
692.00  0.93
692.25  0.93
692.50  0.93
692.75  0.93
693.00  0.92
693.25  0.92
693.50  0.92
693.75  0.91
694.00  0.91
694.25  0.91
694.50  0.90
694.75  0.90
695.00  0.90
695.25  0.89
695.50  0.89
695.75  0.89
696.00  0.89
696.25  0.88
696.50  0.88
696.75  0.88
697.00  0.87
697.25  0.87
697.50  0.87
697.75  0.86
698.00  0.86
698.25  0.86
698.50  0.85
698.75  0.85
699.00  0.85
699.25  0.84
699.50  0.84
699.75  0.84
700.00  0.84
700.25  0.83
700.50  0.83
700.75  0.83
701.00  0.82
701.25  0.82
701.50  0.82
701.75  0.81
702.00  0.81
702.25  0.81
702.50  0.80
702.75  0.80
703.00  0.80
703.25  0.80
703.50  0.79
703.75  0.79
704.00  0.79
704.25  0.78
704.50  0.78
704.75  0.78
705.00  0.77
705.25  0.77
705.50  0.77
705.75  0.76
706.00  0.76
706.25  0.76
706.50  0.76
706.75  0.75
707.00  0.75
707.25  0.75
707.50  0.74
707.75  0.74
708.00  0.74
708.25  0.73
708.50  0.73
708.75  0.73
709.00  0.73
709.25  0.72
709.50  0.72
709.75  0.72
710.00  0.71
710.25  0.71
710.50  0.71
710.75  0.70
711.00  0.70
711.25  0.70
711.50  0.70
711.75  0.69
712.00  0.69
712.25  0.69
712.50  0.68
712.75  0.68
713.00  0.68
713.25  0.68
713.50  0.67
713.75  0.67
714.00  0.67
714.25  0.66
714.50  0.66
714.75  0.66
715.00  0.65
715.25  0.65
715.50  0.65
715.75  0.65
716.00  0.64
716.25  0.64
716.50  0.64
716.75  0.63
717.00  0.63
717.25  0.63
717.50  0.63
717.75  0.62
718.00  0.62
718.25  0.62
718.50  0.61
718.75  0.61
719.00  0.61
719.25  0.61
719.50  0.60
719.75  0.60
