 0.00  0.80
 0.25  0.80
 0.50  0.80
 0.75  0.80
 1.00  0.79
 1.25  0.79
 1.50  0.79
 1.75  0.79
 2.00  0.79
 2.25  0.79
 2.50  0.79
 2.75  0.79
 3.00  0.79
 3.25  0.79
 3.50  0.79
 3.75  0.79
 4.00  0.79
 4.25  0.79
 4.50  0.79
 4.75  0.79
 5.00  0.78
 5.25  0.78
 5.50  0.78
 5.75  0.78
 6.00  0.78
 6.25  0.78
 6.50  0.78
 6.75  0.78
 7.00  0.77
 7.25  0.77
 7.50  0.77
 7.75  0.77
 8.00  0.77
 8.25  0.77
 8.50  0.76
 8.75  0.76
 9.00  0.76
 9.25  0.76
 9.50  0.76
 9.75  0.76
10.00  0.76
10.25  0.76
10.50  0.75
10.75  0.75
11.00  0.75
11.25  0.74
11.50  0.74
11.75  0.74
12.00  0.74
12.25  0.74
12.50  0.73
12.75  0.73
13.00  0.73
13.25  0.72
13.50  0.72
13.75  0.72
14.00  0.72
14.25  0.72
14.50  0.72
14.75  0.71
15.00  0.71
15.25  0.71
15.50  0.71
15.75  0.70
16.00  0.70
16.25  0.70
16.50  0.70
16.75  0.70
17.00  0.70
17.25  0.70
17.50  0.70
17.75  0.70
18.00  0.70
18.25  0.70
18.50  0.70
18.75  0.70
19.00  0.70
19.25  0.69
19.50  0.69
19.75  0.69
20.00  0.69
20.25  0.69
20.50  0.69
20.75  0.68
21.00  0.69
21.25  0.69
21.50  0.68
21.75  0.68
22.00  0.68
22.25  0.68
22.50  0.68
22.75  0.67
23.00  0.67
23.25  0.67
23.50  0.67
23.75  0.67
24.00  0.67
24.25  0.67
24.50  0.67
24.75  0.67
25.00  0.67
25.25  0.67
25.50  0.67
25.75  0.67
26.00  0.67
26.25  0.67
26.50  0.67
26.75  0.67
27.00  0.67
27.25  0.66
27.50  0.66
27.75  0.66
28.00  0.66
28.25  0.66
28.50  0.66
28.75  0.66
29.00  0.66
29.25  0.66
29.50  0.66
29.75  0.65
30.00  0.65
30.25  0.65
30.50  0.65
30.75  0.65
31.00  0.65
31.25  0.64
31.50  0.64
31.75  0.64
32.00  0.64
32.25  0.64
32.50  0.64
32.75  0.64
33.00  0.64
33.25  0.64
33.50  0.64
33.75  0.63
34.00  0.64
34.25  0.63
34.50  0.63
34.75  0.63
35.00  0.63
35.25  0.63
35.50  0.63
35.75  0.63
36.00  0.63
36.25  0.63
36.50  0.62
36.75  0.62
37.00  0.62
37.25  0.62
37.50  0.62
37.75  0.62
38.00  0.62
38.25  0.62
38.50  0.61
38.75  0.61
39.00  0.61
39.25  0.61
39.50  0.61
39.75  0.61
40.00  0.61
40.25  0.61
40.50  0.61
40.75  0.62
41.00  0.62
41.25  0.61
41.50  0.61
41.75  0.61
42.00  0.62
42.25  0.61
42.50  0.61
42.75  0.61
43.00  0.61
43.25  0.61
43.50  0.61
43.75  0.60
44.00  0.60
44.25  0.60
44.50  0.60
44.75  0.60
45.00  0.60
45.25  0.60
45.50  0.59
45.75  0.59
46.00  0.59
46.25  0.59
46.50  0.59
46.75  0.59
47.00  0.59
47.25  0.59
47.50  0.59
47.75  0.59
48.00  0.59
48.25  0.59
48.50  0.58
48.75  0.58
49.00  0.58
49.25  0.58
49.50  0.58
49.75  0.58
50.00  0.58
50.25  0.57
50.50  0.57
50.75  0.57
51.00  0.57
51.25  0.57
51.50  0.57
51.75  0.56
52.00  0.56
52.25  0.56
52.50  0.56
52.75  0.56
53.00  0.56
53.25  0.56
53.50  0.56
53.75  0.56
54.00  0.56
54.25  0.56
54.50  0.56
54.75  0.55
55.00  0.55
55.25  0.55
55.50  0.55
55.75  0.55
56.00  0.55
56.25  0.55
56.50  0.55
56.75  0.55
57.00  0.54
57.25  0.54
57.50  0.54
57.75  0.53
58.00  0.53
58.25  0.54
58.50  0.54
58.75  0.54
59.00  0.54
59.25  0.54
59.50  0.54
59.75  0.53
60.00  0.53
60.25  0.53
60.50  0.53
60.75  0.53
61.00  0.53
61.25  0.53
61.50  0.53
61.75  0.53
62.00  0.53
62.25  0.52
62.50  0.52
62.75  0.52
63.00  0.52
63.25  0.52
63.50  0.52
63.75  0.52
64.00  0.51
64.25  0.51
64.50  0.51
64.75  0.51
65.00  0.51
65.25  0.51
65.50  0.51
65.75  0.51
66.00  0.51
66.25  0.51
66.50  0.50
66.75  0.51
67.00  0.51
67.25  0.51
67.50  0.51
67.75  0.50
68.00  0.50
68.25  0.50
68.50  0.50
68.75  0.49
69.00  0.49
69.25  0.49
69.50  0.49
69.75  0.49
70.00  0.49
70.25  0.49
70.50  0.49
70.75  0.49
71.00  0.49
71.25  0.49
71.50  0.49
71.75  0.49
72.00  0.49
72.25  0.49
72.50  0.49
72.75  0.49
73.00  0.49
73.25  0.49
73.50  0.49
73.75  0.48
74.00  0.49
74.25  0.48
74.50  0.49
74.75  0.49
75.00  0.48
75.25  0.48
75.50  0.49
75.75  0.49
76.00  0.48
76.25  0.48
76.50  0.48
76.75  0.48
77.00  0.48
77.25  0.48
77.50  0.48
77.75  0.47
78.00  0.47
78.25  0.47
78.50  0.48
78.75  0.48
79.00  0.48
79.25  0.48
79.50  0.48
79.75  0.48
80.00  0.48
80.25  0.48
80.50  0.48
80.75  0.48
81.00  0.47
81.25  0.47
81.50  0.47
81.75  0.47
82.00  0.47
82.25  0.47
82.50  0.47
82.75  0.46
83.00  0.46
83.25  0.46
83.50  0.46
83.75  0.46
84.00  0.46
84.25  0.46
84.50  0.45
84.75  0.46
85.00  0.45
85.25  0.45
85.50  0.45
85.75  0.45
86.00  0.45
86.25  0.45
86.50  0.45
86.75  0.45
87.00  0.45
87.25  0.45
87.50  0.45
87.75  0.45
88.00  0.45
88.25  0.45
88.50  0.45
88.75  0.45
89.00  0.45
89.25  0.45
89.50  0.45
89.75  0.45
90.00  0.45
90.25  0.45
90.50  0.45
90.75  0.45
91.00  0.45
91.25  0.45
91.50  0.44
91.75  0.45
92.00  0.44
92.25  0.44
92.50  0.44
92.75  0.44
93.00  0.44
93.25  0.44
93.50  0.44
93.75  0.44
94.00  0.44
94.25  0.44
94.50  0.44
94.75  0.44
95.00  0.44
95.25  0.44
95.50  0.45
95.75  0.44
96.00  0.45
96.25  0.44
96.50  0.44
96.75  0.44
97.00  0.44
97.25  0.44
97.50  0.44
97.75  0.44
98.00  0.44
98.25  0.44
98.50  0.44
98.75  0.44
99.00  0.44
99.25  0.44
99.50  0.44
99.75  0.43
100.00  0.44
100.25  0.43
100.50  0.43
100.75  0.43
101.00  0.43
101.25  0.43
101.50  0.43
101.75  0.44
102.00  0.44
102.25  0.44
102.50  0.44
102.75  0.44
103.00  0.44
103.25  0.44
103.50  0.44
103.75  0.44
104.00  0.44
104.25  0.44
104.50  0.44
104.75  0.44
105.00  0.44
105.25  0.44
105.50  0.44
105.75  0.44
106.00  0.44
106.25  0.44
106.50  0.44
106.75  0.44
107.00  0.44
107.25  0.44
107.50  0.44
107.75  0.44
108.00  0.44
108.25  0.44
108.50  0.44
108.75  0.44
109.00  0.44
109.25  0.44
109.50  0.45
109.75  0.45
110.00  0.45
110.25  0.44
110.50  0.44
110.75  0.44
111.00  0.45
111.25  0.45
111.50  0.44
111.75  0.44
112.00  0.44
112.25  0.45
112.50  0.44
112.75  0.45
113.00  0.45
113.25  0.45
113.50  0.45
113.75  0.45
114.00  0.45
114.25  0.45
114.50  0.45
114.75  0.44
115.00  0.45
115.25  0.45
115.50  0.45
115.75  0.45
116.00  0.45
116.25  0.45
116.50  0.45
116.75  0.45
117.00  0.45
117.25  0.45
117.50  0.45
117.75  0.45
118.00  0.45
118.25  0.45
118.50  0.45
118.75  0.45
119.00  0.45
119.25  0.45
119.50  0.45
119.75  0.45
120.00  0.45
120.25  0.46
120.50  0.46
120.75  0.46
121.00  0.46
121.25  0.46
121.50  0.46
121.75  0.47
122.00  0.46
122.25  0.46
122.50  0.47
122.75  0.46
123.00  0.46
123.25  0.46
123.50  0.46
123.75  0.46
124.00  0.46
124.25  0.46
124.50  0.46
124.75  0.46
125.00  0.47
125.25  0.46
125.50  0.47
125.75  0.47
126.00  0.46
126.25  0.46
126.50  0.46
126.75  0.46
127.00  0.46
127.25  0.46
127.50  0.46
127.75  0.46
128.00  0.47
128.25  0.47
128.50  0.47
128.75  0.47
129.00  0.47
129.25  0.47
129.50  0.47
129.75  0.47
130.00  0.47
130.25  0.47
130.50  0.47
130.75  0.47
131.00  0.47
131.25  0.47
131.50  0.47
131.75  0.47
132.00  0.47
132.25  0.47
132.50  0.48
132.75  0.48
133.00  0.48
133.25  0.48
133.50  0.48
133.75  0.48
134.00  0.49
134.25  0.49
134.50  0.49
134.75  0.49
135.00  0.49
135.25  0.49
135.50  0.49
135.75  0.49
136.00  0.49
136.25  0.49
136.50  0.49
136.75  0.49
137.00  0.49
137.25  0.49
137.50  0.49
137.75  0.49
138.00  0.49
138.25  0.50
138.50  0.50
138.75  0.50
139.00  0.50
139.25  0.50
139.50  0.50
139.75  0.51
140.00  0.51
140.25  0.51
140.50  0.51
140.75  0.51
141.00  0.51
141.25  0.51
141.50  0.51
141.75  0.52
142.00  0.52
142.25  0.52
142.50  0.52
142.75  0.52
143.00  0.52
143.25  0.53
143.50  0.53
143.75  0.53
144.00  0.53
144.25  0.54
144.50  0.54
144.75  0.54
145.00  0.54
145.25  0.54
145.50  0.55
145.75  0.55
146.00  0.55
146.25  0.56
146.50  0.56
146.75  0.56
147.00  0.57
147.25  0.57
147.50  0.57
147.75  0.57
148.00  0.57
148.25  0.58
148.50  0.58
148.75  0.58
149.00  0.58
149.25  0.58
149.50  0.58
149.75  0.58
150.00  0.58
150.25  0.58
150.50  0.59
150.75  0.59
151.00  0.59
151.25  0.59
151.50  0.59
151.75  0.59
152.00  0.60
152.25  0.60
152.50  0.60
152.75  0.60
153.00  0.61
153.25  0.61
153.50  0.61
153.75  0.61
154.00  0.61
154.25  0.62
154.50  0.62
154.75  0.63
155.00  0.63
155.25  0.64
155.50  0.64
155.75  0.65
156.00  0.65
156.25  0.66
156.50  0.67
156.75  0.67
157.00  0.68
157.25  0.68
157.50  0.69
157.75  0.70
158.00  0.71
158.25  0.71
158.50  0.72
158.75  0.73
159.00  0.73
159.25  0.75
159.50  0.76
159.75  0.77
160.00  0.78
160.25  0.79
160.50  0.81
160.75  0.81
161.00  0.82
161.25  0.83
161.50  0.85
161.75  0.86
162.00  0.87
162.25  0.88
162.50  0.89
162.75  0.91
163.00  0.92
163.25  0.93
163.50  0.94
163.75  0.96
164.00  0.97
164.25  0.98
164.50  1.00
164.75  1.01
165.00  1.02
165.25  1.03
165.50  1.05
165.75  1.07
166.00  1.08
166.25  1.10
166.50  1.11
166.75  1.13
167.00  1.14
167.25  1.16
167.50  1.18
167.75  1.19
168.00  1.21
168.25  1.23
168.50  1.25
168.75  1.27
169.00  1.28
169.25  1.29
169.50  1.31
169.75  1.33
170.00  1.34
170.25  1.36
170.50  1.38
170.75  1.39
171.00  1.41
171.25  1.42
171.50  1.44
171.75  1.46
172.00  1.47
172.25  1.49
172.50  1.51
172.75  1.53
173.00  1.55
173.25  1.57
173.50  1.58
173.75  1.60
174.00  1.61
174.25  1.63
174.50  1.64
174.75  1.66
175.00  1.68
175.25  1.69
175.50  1.71
175.75  1.73
176.00  1.74
176.25  1.76
176.50  1.78
176.75  1.79
177.00  1.80
177.25  1.82
177.50  1.83
177.75  1.85
178.00  1.87
178.25  1.88
178.50  1.90
178.75  1.91
179.00  1.93
179.25  1.94
179.50  1.96
179.75  1.98
180.00  1.99
180.25  2.01
180.50  2.03
180.75  2.05
181.00  2.07
181.25  2.09
181.50  2.11
181.75  2.13
182.00  2.14
182.25  2.16
182.50  2.18
182.75  2.20
183.00  2.21
183.25  2.24
183.50  2.26
183.75  2.28
184.00  2.30
184.25  2.33
184.50  2.35
184.75  2.37
185.00  2.39
185.25  2.42
185.50  2.44
185.75  2.47
186.00  2.50
186.25  2.52
186.50  2.55
186.75  2.58
187.00  2.61
187.25  2.65
187.50  2.68
187.75  2.71
188.00  2.74
188.25  2.78
188.50  2.82
188.75  2.85
189.00  2.88
189.25  2.92
189.50  2.96
189.75  3.00
190.00  3.05
190.25  3.09
190.50  3.12
190.75  3.16
191.00  3.20
191.25  3.24
191.50  3.28
191.75  3.32
192.00  3.36
192.25  3.42
192.50  3.46
192.75  3.51
193.00  3.55
193.25  3.60
193.50  3.65
193.75  3.69
194.00  3.73
194.25  3.78
194.50  3.82
194.75  3.87
195.00  3.91
195.25  3.96
195.50  4.00
195.75  4.04
196.00  4.09
196.25  4.13
196.50  4.18
196.75  4.22
197.00  4.26
197.25  4.29
197.50  4.33
197.75  4.37
198.00  4.41
198.25  4.45
198.50  4.49
198.75  4.53
199.00  4.56
199.25  4.60
199.50  4.63
199.75  4.66
200.00  4.70
200.25  4.74
200.50  4.78
200.75  4.81
201.00  4.85
201.25  4.89
201.50  4.92
201.75  4.95
202.00  4.98
202.25  5.02
202.50  5.04
202.75  5.07
203.00  5.10
203.25  5.12
203.50  5.15
203.75  5.18
204.00  5.20
204.25  5.23
204.50  5.26
204.75  5.30
205.00  5.33
205.25  5.35
205.50  5.39
205.75  5.42
206.00  5.44
206.25  5.47
206.50  5.49
206.75  5.52
207.00  5.54
207.25  5.57
207.50  5.59
207.75  5.61
208.00  5.64
208.25  5.67
208.50  5.69
208.75  5.73
209.00  5.75
209.25  5.77
209.50  5.80
209.75  5.82
210.00  5.84
210.25  5.87
210.50  5.90
210.75  5.91
211.00  5.93
211.25  5.95
211.50  5.97
211.75  5.99
212.00  6.00
212.25  6.03
212.50  6.05
212.75  6.06
213.00  6.08
213.25  6.10
213.50  6.13
213.75  6.15
214.00  6.16
214.25  6.19
214.50  6.20
214.75  6.20
215.00  6.22
215.25  6.23
215.50  6.24
215.75  6.25
216.00  6.27
216.25  6.29
216.50  6.30
216.75  6.32
217.00  6.34
217.25  6.36
217.50  6.38
217.75  6.39
218.00  6.40
218.25  6.41
218.50  6.41
218.75  6.42
219.00  6.44
219.25  6.46
219.50  6.47
219.75  6.49
220.00  6.49
220.25  6.50
220.50  6.52
220.75  6.53
221.00  6.53
221.25  6.55
221.50  6.57
221.75  6.59
222.00  6.60
222.25  6.61
222.50  6.62
222.75  6.64
223.00  6.66
223.25  6.66
223.50  6.67
223.75  6.68
224.00  6.69
224.25  6.70
224.50  6.72
224.75  6.73
225.00  6.75
225.25  6.76
225.50  6.77
225.75  6.77
226.00  6.77
226.25  6.78
226.50  6.79
226.75  6.80
227.00  6.81
227.25  6.82
227.50  6.84
227.75  6.84
228.00  6.85
228.25  6.85
228.50  6.86
228.75  6.87
229.00  6.87
229.25  6.89
229.50  6.89
229.75  6.89
230.00  6.90
230.25  6.91
230.50  6.93
230.75  6.94
231.00  6.95
231.25  6.94
231.50  6.94
231.75  6.94
232.00  6.95
232.25  6.96
232.50  6.98
232.75  6.98
233.00  6.99
233.25  6.98
233.50  6.99
233.75  7.00
234.00  7.01
234.25  7.00
234.50  7.02
234.75  7.02
235.00  7.02
235.25  7.03
235.50  7.05
235.75  7.05
236.00  7.07
236.25  7.07
236.50  7.06
236.75  7.06
237.00  7.06
237.25  7.07
237.50  7.07
237.75  7.08
238.00  7.09
238.25  7.10
238.50  7.09
238.75  7.10
239.00  7.09
239.25  7.09
239.50  7.09
239.75  7.11
240.00  7.11
240.25  7.11
240.50  7.12
240.75  7.12
241.00  7.13
241.25  7.14
241.50  7.15
241.75  7.16
242.00  7.16
242.25  7.15
242.50  7.16
242.75  7.17
243.00  7.18
243.25  7.18
243.50  7.17
243.75  7.18
244.00  7.18
244.25  7.19
244.50  7.19
244.75  7.19
245.00  7.19
245.25  7.19
245.50  7.20
245.75  7.19
246.00  7.21
246.25  7.21
246.50  7.22
246.75  7.23
247.00  7.22
247.25  7.23
247.50  7.25
247.75  7.24
248.00  7.24
248.25  7.25
248.50  7.24
248.75  7.24
249.00  7.26
249.25  7.26
249.50  7.25
249.75  7.25
250.00  7.25
250.25  7.24
250.50  7.26
250.75  7.26
251.00  7.27
251.25  7.27
251.50  7.27
251.75  7.27
252.00  7.26
252.25  7.26
252.50  7.25
252.75  7.24
253.00  7.25
253.25  7.25
253.50  7.24
253.75  7.26
254.00  7.26
254.25  7.26
254.50  7.27
254.75  7.27
255.00  7.28
255.25  7.28
255.50  7.28
255.75  7.28
256.00  7.28
256.25  7.27
256.50  7.26
256.75  7.27
257.00  7.26
257.25  7.26
257.50  7.26
257.75  7.26
258.00  7.26
258.25  7.27
258.50  7.28
258.75  7.27
259.00  7.27
259.25  7.28
259.50  7.27
259.75  7.27
260.00  7.26
260.25  7.26
260.50  7.25
260.75  7.25
261.00  7.25
261.25  7.25
261.50  7.26
261.75  7.27
262.00  7.27
262.25  7.27
262.50  7.28
262.75  7.28
263.00  7.28
263.25  7.28
263.50  7.28
263.75  7.27
264.00  7.27
264.25  7.27
264.50  7.25
264.75  7.25
265.00  7.25
265.25  7.25
265.50  7.25
265.75  7.25
266.00  7.25
266.25  7.24
266.50  7.23
266.75  7.24
267.00  7.23
267.25  7.22
267.50  7.22
267.75  7.23
268.00  7.21
268.25  7.22
268.50  7.22
268.75  7.21
269.00  7.21
269.25  7.21
269.50  7.22
269.75  7.22
270.00  7.22
270.25  7.22
270.50  7.21
270.75  7.21
271.00  7.21
271.25  7.19
271.50  7.19
271.75  7.18
272.00  7.18
272.25  7.18
272.50  7.18
272.75  7.18
273.00  7.18
273.25  7.16
273.50  7.16
273.75  7.17
274.00  7.16
274.25  7.16
274.50  7.15
274.75  7.14
275.00  7.15
275.25  7.16
275.50  7.16
275.75  7.17
276.00  7.18
276.25  7.18
276.50  7.17
276.75  7.17
277.00  7.17
277.25  7.18
277.50  7.18
277.75  7.18
278.00  7.17
278.25  7.16
278.50  7.17
278.75  7.17
279.00  7.17
279.25  7.15
279.50  7.15
279.75  7.15
280.00  7.14
280.25  7.14
280.50  7.14
280.75  7.13
281.00  7.13
281.25  7.13
281.50  7.12
281.75  7.12
282.00  7.11
282.25  7.11
282.50  7.10
282.75  7.11
283.00  7.12
283.25  7.11
283.50  7.11
283.75  7.11
284.00  7.11
284.25  7.10
284.50  7.10
284.75  7.09
285.00  7.08
285.25  7.07
285.50  7.07
285.75  7.06
286.00  7.06
286.25  7.07
286.50  7.06
286.75  7.07
287.00  7.06
287.25  7.07
287.50  7.06
287.75  7.06
288.00  7.06
288.25  7.05
288.50  7.04
288.75  7.04
289.00  7.04
289.25  7.05
289.50  7.04
289.75  7.04
290.00  7.04
290.25  7.04
290.50  7.05
290.75  7.05
291.00  7.04
291.25  7.04
291.50  7.03
291.75  7.03
292.00  7.02
292.25  7.03
292.50  7.03
292.75  7.02
293.00  7.01
293.25  7.01
293.50  7.01
293.75  7.01
294.00  7.02
294.25  7.02
294.50  7.02
294.75  7.02
295.00  7.02
295.25  7.01
295.50  7.00
295.75  6.99
296.00  6.98
296.25  6.98
296.50  6.97
296.75  6.96
297.00  6.96
297.25  6.96
297.50  6.94
297.75  6.94
298.00  6.94
298.25  6.95
298.50  6.95
298.75  6.94
299.00  6.93
299.25  6.94
299.50  6.94
299.75  6.94
300.00  6.93
300.25  6.93
300.50  6.93
300.75  6.93
301.00  6.92
301.25  6.93
301.50  6.94
301.75  6.93
302.00  6.93
302.25  6.91
302.50  6.92
302.75  6.92
303.00  6.90
303.25  6.90
303.50  6.89
303.75  6.88
304.00  6.87
304.25  6.87
304.50  6.85
304.75  6.85
305.00  6.85
305.25  6.85
305.50  6.85
305.75  6.86
306.00  6.85
306.25  6.86
306.50  6.85
306.75  6.85
307.00  6.86
307.25  6.85
307.50  6.85
307.75  6.85
308.00  6.85
308.25  6.85
308.50  6.85
308.75  6.84
309.00  6.83
309.25  6.82
309.50  6.82
309.75  6.81
310.00  6.80
310.25  6.80
310.50  6.81
310.75  6.81
311.00  6.81
311.25  6.80
311.50  6.80
311.75  6.79
312.00  6.79
312.25  6.78
312.50  6.78
312.75  6.78
313.00  6.78
313.25  6.78
313.50  6.78
313.75  6.79
314.00  6.79
314.25  6.80
314.50  6.80
314.75  6.79
315.00  6.79
315.25  6.79
315.50  6.79
315.75  6.79
316.00  6.78
316.25  6.79
316.50  6.78
316.75  6.78
317.00  6.77
317.25  6.78
317.50  6.77
317.75  6.76
318.00  6.76
318.25  6.75
318.50  6.75
318.75  6.75
319.00  6.74
319.25  6.74
319.50  6.74
319.75  6.75
320.00  6.74
320.25  6.74
320.50  6.74
320.75  6.73
321.00  6.74
321.25  6.74
321.50  6.74
321.75  6.75
322.00  6.75
322.25  6.76
322.50  6.75
322.75  6.75
323.00  6.75
323.25  6.74
323.50  6.72
323.75  6.73
324.00  6.73
324.25  6.72
324.50  6.72
324.75  6.71
325.00  6.71
325.25  6.70
325.50  6.69
325.75  6.70
326.00  6.69
326.25  6.69
326.50  6.68
326.75  6.69
327.00  6.69
327.25  6.69
327.50  6.69
327.75  6.69
328.00  6.69
328.25  6.69
328.50  6.69
328.75  6.69
329.00  6.69
329.25  6.69
329.50  6.69
329.75  6.68
330.00  6.68
330.25  6.67
330.50  6.67
330.75  6.66
331.00  6.65
331.25  6.64
331.50  6.64
331.75  6.63
332.00  6.62
332.25  6.62
332.50  6.61
332.75  6.60
333.00  6.60
333.25  6.61
333.50  6.60
333.75  6.59
334.00  6.59
334.25  6.59
334.50  6.59
334.75  6.57
335.00  6.57
335.25  6.57
335.50  6.56
335.75  6.56
336.00  6.56
336.25  6.55
336.50  6.55
336.75  6.55
337.00  6.54
337.25  6.54
337.50  6.53
337.75  6.52
338.00  6.52
338.25  6.50
338.50  6.50
338.75  6.49
339.00  6.48
339.25  6.48
339.50  6.49
339.75  6.48
340.00  6.48
340.25  6.46
340.50  6.46
340.75  6.46
341.00  6.45
341.25  6.44
341.50  6.43
341.75  6.43
342.00  6.44
342.25  6.43
342.50  6.44
342.75  6.43
343.00  6.41
343.25  6.41
343.50  6.41
343.75  6.40
344.00  6.41
344.25  6.41
344.50  6.41
344.75  6.40
345.00  6.40
345.25  6.40
345.50  6.41
345.75  6.39
346.00  6.38
346.25  6.37
346.50  6.36
346.75  6.37
347.00  6.36
347.25  6.36
347.50  6.35
347.75  6.35
348.00  6.35
348.25  6.35
348.50  6.36
348.75  6.36
349.00  6.35
349.25  6.35
349.50  6.34
349.75  6.33
350.00  6.33
350.25  6.34
350.50  6.33
350.75  6.33
351.00  6.33
351.25  6.33
351.50  6.33
351.75  6.33
352.00  6.33
352.25  6.32
352.50  6.32
352.75  6.33
353.00  6.33
353.25  6.33
353.50  6.33
353.75  6.32
354.00  6.32
354.25  6.31
354.50  6.31
354.75  6.31
355.00  6.30
355.25  6.29
355.50  6.29
355.75  6.29
356.00  6.29
356.25  6.28
356.50  6.28
356.75  6.27
357.00  6.26
357.25  6.26
357.50  6.25
357.75  6.25
358.00  6.25
358.25  6.24
358.50  6.24
358.75  6.23
359.00  6.22
359.25  6.22
359.50  6.21
359.75  6.21
360.00  6.20
360.25  6.21
360.50  6.21
360.75  6.20
361.00  6.20
361.25  6.19
361.50  6.18
361.75  6.17
362.00  6.16
362.25  6.16
362.50  6.15
362.75  6.14
363.00  6.14
363.25  6.13
363.50  6.13
363.75  6.13
364.00  6.14
364.25  6.14
364.50  6.13
364.75  6.13
365.00  6.12
365.25  6.12
365.50  6.12
365.75  6.11
366.00  6.12
366.25  6.11
366.50  6.10
366.75  6.11
367.00  6.11
367.25  6.11
367.50  6.10
367.75  6.10
368.00  6.09
368.25  6.09
368.50  6.09
368.75  6.09
369.00  6.07
369.25  6.07
369.50  6.07
369.75  6.07
370.00  6.06
370.25  6.05
370.50  6.05
370.75  6.05
371.00  6.05
371.25  6.05
371.50  6.04
371.75  6.04
372.00  6.04
372.25  6.04
372.50  6.03
372.75  6.03
373.00  6.03
373.25  6.02
373.50  6.01
373.75  5.99
374.00  5.98
374.25  5.98
374.50  5.98
374.75  5.97
375.00  5.97
375.25  5.97
375.50  5.96
375.75  5.96
376.00  5.95
376.25  5.96
376.50  5.95
376.75  5.94
377.00  5.94
377.25  5.94
377.50  5.94
377.75  5.93
378.00  5.93
378.25  5.92
378.50  5.92
378.75  5.93
379.00  5.93
379.25  5.91
379.50  5.92
379.75  5.92
380.00  5.91
380.25  5.91
380.50  5.90
380.75  5.89
381.00  5.89
381.25  5.89
381.50  5.88
381.75  5.88
382.00  5.87
382.25  5.87
382.50  5.87
382.75  5.86
383.00  5.86
383.25  5.85
383.50  5.85
383.75  5.84
384.00  5.84
384.25  5.83
384.50  5.83
384.75  5.82
385.00  5.82
385.25  5.82
385.50  5.81
385.75  5.81
386.00  5.80
386.25  5.79
386.50  5.79
386.75  5.79
387.00  5.78
387.25  5.78
387.50  5.78
387.75  5.78
388.00  5.78
388.25  5.77
388.50  5.76
388.75  5.75
389.00  5.76
389.25  5.74
389.50  5.73
389.75  5.73
390.00  5.74
390.25  5.73
390.50  5.72
390.75  5.73
391.00  5.73
391.25  5.72
391.50  5.71
391.75  5.72
392.00  5.71
392.25  5.70
392.50  5.70
392.75  5.69
393.00  5.69
393.25  5.69
393.50  5.69
393.75  5.69
394.00  5.68
394.25  5.69
394.50  5.69
394.75  5.68
395.00  5.67
395.25  5.66
395.50  5.67
395.75  5.66
396.00  5.67
396.25  5.66
396.50  5.65
396.75  5.65
397.00  5.64
397.25  5.63
397.50  5.63
397.75  5.62
398.00  5.62
398.25  5.61
398.50  5.60
398.75  5.59
399.00  5.59
399.25  5.59
399.50  5.59
399.75  5.58
400.00  5.58
400.25  5.57
400.50  5.56
400.75  5.56
401.00  5.55
401.25  5.54
401.50  5.54
401.75  5.54
402.00  5.54
402.25  5.54
402.50  5.54
402.75  5.53
403.00  5.53
403.25  5.52
403.50  5.52
403.75  5.51
404.00  5.51
404.25  5.50
404.50  5.50
404.75  5.50
405.00  5.49
405.25  5.49
405.50  5.49
405.75  5.48
406.00  5.48
406.25  5.48
406.50  5.48
406.75  5.47
407.00  5.48
407.25  5.47
407.50  5.46
407.75  5.46
408.00  5.46
408.25  5.46
408.50  5.47
408.75  5.47
409.00  5.46
409.25  5.45
409.50  5.45
409.75  5.45
410.00  5.45
410.25  5.45
410.50  5.44
410.75  5.45
411.00  5.44
411.25  5.43
411.50  5.42
411.75  5.42
412.00  5.41
412.25  5.41
412.50  5.40
412.75  5.40
413.00  5.40
413.25  5.39
413.50  5.38
413.75  5.39
414.00  5.38
414.25  5.39
414.50  5.38
414.75  5.38
415.00  5.38
415.25  5.37
415.50  5.37
415.75  5.36
416.00  5.36
416.25  5.35
416.50  5.35
416.75  5.34
417.00  5.33
417.25  5.33
417.50  5.33
417.75  5.32
418.00  5.32
418.25  5.31
418.50  5.30
418.75  5.30
419.00  5.29
419.25  5.28
419.50  5.27
419.75  5.27
420.00  5.26
420.25  5.27
420.50  5.27
420.75  5.26
421.00  5.26
421.25  5.26
421.50  5.25
421.75  5.25
422.00  5.25
422.25  5.24
422.50  5.24
422.75  5.24
423.00  5.24
423.25  5.23
423.50  5.22
423.75  5.22
424.00  5.20
424.25  5.20
424.50  5.19
424.75  5.17
425.00  5.17
425.25  5.17
425.50  5.17
425.75  5.16
426.00  5.15
426.25  5.15
426.50  5.15
426.75  5.15
427.00  5.14
427.25  5.14
427.50  5.13
427.75  5.12
428.00  5.12
428.25  5.12
428.50  5.11
428.75  5.11
429.00  5.12
429.25  5.13
429.50  5.12
429.75  5.12
430.00  5.10
430.25  5.10
430.50  5.09
430.75  5.09
431.00  5.08
431.25  5.08
431.50  5.08
431.75  5.07
432.00  5.07
432.25  5.06
432.50  5.06
432.75  5.06
433.00  5.05
433.25  5.04
433.50  5.04
433.75  5.04
434.00  5.03
434.25  5.03
434.50  5.03
434.75  5.03
435.00  5.03
435.25  5.02
435.50  5.02
435.75  5.02
436.00  5.01
436.25  5.00
436.50  4.99
436.75  4.99
437.00  4.99
437.25  5.00
437.50  5.00
437.75  5.00
438.00  4.99
438.25  4.99
438.50  4.98
438.75  4.97
439.00  4.97
439.25  4.96
439.50  4.95
439.75  4.95
440.00  4.95
440.25  4.95
440.50  4.95
440.75  4.94
441.00  4.94
441.25  4.93
441.50  4.93
441.75  4.92
442.00  4.92
442.25  4.92
442.50  4.92
442.75  4.91
443.00  4.91
443.25  4.91
443.50  4.90
443.75  4.90
444.00  4.90
444.25  4.89
444.50  4.88
444.75  4.88
445.00  4.88
445.25  4.88
445.50  4.88
445.75  4.87
446.00  4.87
446.25  4.87
446.50  4.86
446.75  4.86
447.00  4.84
447.25  4.83
447.50  4.82
447.75  4.81
448.00  4.81
448.25  4.80
448.50  4.79
448.75  4.78
449.00  4.78
449.25  4.78
449.50  4.77
449.75  4.77
450.00  4.76
450.25  4.76
450.50  4.75
450.75  4.75
451.00  4.75
451.25  4.75
451.50  4.74
451.75  4.73
452.00  4.72
452.25  4.72
452.50  4.71
452.75  4.71
453.00  4.71
453.25  4.71
453.50  4.70
453.75  4.70
454.00  4.71
454.25  4.71
454.50  4.70
454.75  4.70
455.00  4.69
455.25  4.69
455.50  4.69
455.75  4.68
456.00  4.68
456.25  4.68
456.50  4.67
456.75  4.67
457.00  4.66
457.25  4.67
457.50  4.67
457.75  4.67
458.00  4.68
458.25  4.68
458.50  4.68
458.75  4.67
459.00  4.66
459.25  4.66
459.50  4.65
459.75  4.64
460.00  4.64
460.25  4.64
460.50  4.63
460.75  4.62
461.00  4.62
461.25  4.62
461.50  4.62
461.75  4.62
462.00  4.62
462.25  4.62
462.50  4.61
462.75  4.61
463.00  4.61
463.25  4.61
463.50  4.60
463.75  4.59
464.00  4.59
464.25  4.59
464.50  4.58
464.75  4.58
465.00  4.58
465.25  4.57
465.50  4.57
465.75  4.56
466.00  4.56
466.25  4.57
466.50  4.57
466.75  4.56
467.00  4.55
467.25  4.54
467.50  4.53
467.75  4.53
468.00  4.52
468.25  4.52
468.50  4.51
468.75  4.51
469.00  4.51
469.25  4.51
469.50  4.51
469.75  4.50
470.00  4.50
470.25  4.49
470.50  4.48
470.75  4.48
471.00  4.48
471.25  4.48
471.50  4.47
471.75  4.46
472.00  4.46
472.25  4.46
472.50  4.45
472.75  4.44
473.00  4.43
473.25  4.43
473.50  4.43
473.75  4.42
474.00  4.41
474.25  4.40
474.50  4.41
474.75  4.40
475.00  4.40
475.25  4.39
475.50  4.39
475.75  4.39
476.00  4.38
476.25  4.37
476.50  4.37
476.75  4.36
477.00  4.36
477.25  4.36
477.50  4.35
477.75  4.35
478.00  4.34
478.25  4.34
478.50  4.34
478.75  4.33
479.00  4.33
479.25  4.32
479.50  4.32
479.75  4.31
480.00  4.31
480.25  4.31
480.50  4.31
480.75  4.30
481.00  4.29
481.25  4.29
481.50  4.29
481.75  4.28
482.00  4.28
482.25  4.28
482.50  4.28
482.75  4.28
483.00  4.27
483.25  4.26
483.50  4.26
483.75  4.26
484.00  4.25
484.25  4.24
484.50  4.24
484.75  4.24
485.00  4.24
485.25  4.24
485.50  4.23
485.75  4.23
486.00  4.22
486.25  4.22
486.50  4.22
486.75  4.22
487.00  4.21
487.25  4.21
487.50  4.22
487.75  4.22
488.00  4.21
488.25  4.21
488.50  4.21
488.75  4.21
489.00  4.21
489.25  4.21
489.50  4.22
489.75  4.21
490.00  4.21
490.25  4.21
490.50  4.21
490.75  4.21
491.00  4.21
491.25  4.20
491.50  4.20
491.75  4.19
492.00  4.19
492.25  4.19
492.50  4.19
492.75  4.18
493.00  4.18
493.25  4.17
493.50  4.16
493.75  4.16
494.00  4.16
494.25  4.15
494.50  4.14
494.75  4.14
495.00  4.14
495.25  4.14
495.50  4.13
495.75  4.13
496.00  4.12
496.25  4.12
496.50  4.11
496.75  4.12
497.00  4.11
497.25  4.10
497.50  4.09
497.75  4.09
498.00  4.08
498.25  4.07
498.50  4.06
498.75  4.06
499.00  4.05
499.25  4.04
499.50  4.04
499.75  4.04
500.00  4.03
500.25  4.02
500.50  4.01
500.75  4.01
501.00  4.01
501.25  4.01
501.50  4.01
501.75  4.01
502.00  4.00
502.25  4.00
502.50  4.00
502.75  4.00
503.00  3.99
503.25  3.99
503.50  3.99
503.75  3.99
504.00  3.98
504.25  3.98
504.50  3.97
504.75  3.96
505.00  3.96
505.25  3.96
505.50  3.96
505.75  3.96
506.00  3.95
506.25  3.95
506.50  3.94
506.75  3.93
507.00  3.93
507.25  3.93
507.50  3.94
507.75  3.93
508.00  3.92
508.25  3.93
508.50  3.92
508.75  3.92
509.00  3.92
509.25  3.91
509.50  3.90
509.75  3.90
510.00  3.89
510.25  3.89
510.50  3.89
510.75  3.88
511.00  3.88
511.25  3.87
511.50  3.87
511.75  3.87
512.00  3.86
512.25  3.86
512.50  3.86
512.75  3.86
513.00  3.85
513.25  3.85
513.50  3.85
513.75  3.85
514.00  3.85
514.25  3.85
514.50  3.85
514.75  3.84
515.00  3.83
515.25  3.83
515.50  3.82
515.75  3.81
516.00  3.81
516.25  3.81
516.50  3.81
516.75  3.81
517.00  3.80
517.25  3.80
517.50  3.79
517.75  3.79
518.00  3.79
518.25  3.79
518.50  3.78
518.75  3.77
519.00  3.78
519.25  3.78
519.50  3.78
519.75  3.77
520.00  3.77
520.25  3.77
520.50  3.77
520.75  3.77
521.00  3.77
521.25  3.77
521.50  3.76
521.75  3.76
522.00  3.76
522.25  3.76
522.50  3.76
522.75  3.76
523.00  3.76
523.25  3.75
523.50  3.75
523.75  3.75
524.00  3.75
524.25  3.74
524.50  3.74
524.75  3.74
525.00  3.73
525.25  3.73
525.50  3.74
525.75  3.73
526.00  3.73
526.25  3.73
526.50  3.73
526.75  3.73
527.00  3.72
527.25  3.72
527.50  3.71
527.75  3.71
528.00  3.71
528.25  3.70
528.50  3.70
528.75  3.69
529.00  3.68
529.25  3.68
529.50  3.67
529.75  3.67
530.00  3.66
530.25  3.66
530.50  3.65
530.75  3.64
531.00  3.64
531.25  3.63
531.50  3.62
531.75  3.62
532.00  3.61
532.25  3.61
532.50  3.60
532.75  3.59
533.00  3.59
533.25  3.59
533.50  3.58
533.75  3.57
534.00  3.57
534.25  3.57
534.50  3.57
534.75  3.56
535.00  3.56
535.25  3.56
535.50  3.55
535.75  3.55
536.00  3.54
536.25  3.53
536.50  3.53
536.75  3.53
537.00  3.53
537.25  3.53
537.50  3.53
537.75  3.52
538.00  3.52
538.25  3.51
538.50  3.51
538.75  3.51
539.00  3.51
539.25  3.51
539.50  3.51
539.75  3.51
540.00  3.51
540.25  3.50
540.50  3.50
540.75  3.50
541.00  3.50
541.25  3.50
541.50  3.50
541.75  3.49
542.00  3.49
542.25  3.49
542.50  3.48
542.75  3.47
543.00  3.47
543.25  3.47
543.50  3.47
543.75  3.46
544.00  3.46
544.25  3.45
544.50  3.45
544.75  3.45
545.00  3.44
545.25  3.44
545.50  3.44
545.75  3.44
546.00  3.43
546.25  3.43
546.50  3.43
546.75  3.42
547.00  3.42
547.25  3.41
547.50  3.42
547.75  3.41
548.00  3.41
548.25  3.40
548.50  3.40
548.75  3.40
549.00  3.39
549.25  3.38
549.50  3.38
549.75  3.37
550.00  3.38
550.25  3.38
550.50  3.37
550.75  3.37
551.00  3.36
551.25  3.36
551.50  3.36
551.75  3.36
552.00  3.35
552.25  3.35
552.50  3.35
552.75  3.35
553.00  3.35
553.25  3.34
553.50  3.34
553.75  3.34
554.00  3.34
554.25  3.34
554.50  3.34
554.75  3.33
555.00  3.33
555.25  3.32
555.50  3.32
555.75  3.32
556.00  3.31
556.25  3.31
556.50  3.31
556.75  3.30
557.00  3.30
557.25  3.30
557.50  3.30
557.75  3.29
558.00  3.29
558.25  3.29
558.50  3.29
558.75  3.29
559.00  3.29
559.25  3.28
559.50  3.28
559.75  3.28
560.00  3.27
560.25  3.27
560.50  3.26
560.75  3.26
561.00  3.27
561.25  3.26
561.50  3.25
561.75  3.25
562.00  3.25
562.25  3.25
562.50  3.24
562.75  3.23
563.00  3.23
563.25  3.23
563.50  3.22
563.75  3.21
564.00  3.21
564.25  3.22
564.50  3.21
564.75  3.21
565.00  3.21
565.25  3.21
565.50  3.21
565.75  3.20
566.00  3.20
566.25  3.19
566.50  3.19
566.75  3.18
567.00  3.17
567.25  3.17
567.50  3.17
567.75  3.16
568.00  3.15
568.25  3.15
568.50  3.14
568.75  3.14
569.00  3.14
569.25  3.13
569.50  3.13
569.75  3.12
570.00  3.12
570.25  3.12
570.50  3.11
570.75  3.10
571.00  3.10
571.25  3.10
571.50  3.10
571.75  3.09
572.00  3.09
572.25  3.10
572.50  3.10
572.75  3.09
573.00  3.09
573.25  3.08
573.50  3.08
573.75  3.07
574.00  3.07
574.25  3.07
574.50  3.06
574.75  3.06
575.00  3.06
575.25  3.05
575.50  3.05
575.75  3.04
576.00  3.04
576.25  3.04
576.50  3.03
576.75  3.03
577.00  3.03
577.25  3.03
577.50  3.02
577.75  3.02
578.00  3.02
578.25  3.02
578.50  3.02
578.75  3.01
579.00  3.01
579.25  3.01
579.50  3.01
579.75  3.01
580.00  3.00
580.25  3.00
580.50  3.00
580.75  3.00
581.00  2.99
581.25  2.99
581.50  2.99
581.75  2.98
582.00  2.97
582.25  2.97
582.50  2.96
582.75  2.96
583.00  2.95
583.25  2.95
583.50  2.95
583.75  2.95
584.00  2.94
584.25  2.94
584.50  2.94
584.75  2.93
585.00  2.93
585.25  2.93
585.50  2.92
585.75  2.92
586.00  2.91
586.25  2.91
586.50  2.91
586.75  2.91
587.00  2.91
587.25  2.91
587.50  2.90
587.75  2.90
588.00  2.90
588.25  2.90
588.50  2.89
588.75  2.89
589.00  2.88
589.25  2.88
589.50  2.87
589.75  2.87
590.00  2.87
590.25  2.86
590.50  2.85
590.75  2.85
591.00  2.84
591.25  2.84
591.50  2.84
591.75  2.84
592.00  2.83
592.25  2.83
592.50  2.83
592.75  2.83
593.00  2.82
593.25  2.82
593.50  2.82
593.75  2.81
594.00  2.81
594.25  2.80
594.50  2.80
594.75  2.80
595.00  2.79
595.25  2.79
595.50  2.78
595.75  2.78
596.00  2.78
596.25  2.78
596.50  2.77
596.75  2.76
597.00  2.76
597.25  2.76
597.50  2.75
597.75  2.74
598.00  2.74
598.25  2.73
598.50  2.73
598.75  2.73
599.00  2.73
599.25  2.73
599.50  2.72
599.75  2.72
600.00  2.72
600.25  2.72
600.50  2.72
600.75  2.71
601.00  2.71
601.25  2.71
601.50  2.70
601.75  2.70
602.00  2.70
602.25  2.69
602.50  2.69
602.75  2.68
603.00  2.68
603.25  2.68
603.50  2.67
603.75  2.67
604.00  2.67
604.25  2.66
604.50  2.66
604.75  2.65
605.00  2.65
605.25  2.65
605.50  2.65
605.75  2.65
606.00  2.64
606.25  2.64
606.50  2.64
606.75  2.63
607.00  2.63
607.25  2.62
607.50  2.63
607.75  2.63
608.00  2.62
608.25  2.62
608.50  2.61
608.75  2.61
609.00  2.61
609.25  2.60
609.50  2.59
609.75  2.58
610.00  2.58
610.25  2.57
610.50  2.57
610.75  2.56
611.00  2.56
611.25  2.55
611.50  2.55
611.75  2.54
612.00  2.54
612.25  2.54
612.50  2.53
612.75  2.53
613.00  2.53
613.25  2.53
613.50  2.52
613.75  2.52
614.00  2.52
614.25  2.52
614.50  2.52
614.75  2.52
615.00  2.51
615.25  2.50
615.50  2.50
615.75  2.49
616.00  2.49
616.25  2.48
616.50  2.48
616.75  2.48
617.00  2.47
617.25  2.46
617.50  2.46
617.75  2.46
618.00  2.45
618.25  2.45
618.50  2.44
618.75  2.43
619.00  2.43
619.25  2.43
619.50  2.43
619.75  2.43
620.00  2.42
620.25  2.42
620.50  2.41
620.75  2.41
621.00  2.41
621.25  2.40
621.50  2.40
621.75  2.40
622.00  2.39
622.25  2.39
622.50  2.38
622.75  2.38
623.00  2.38
623.25  2.37
623.50  2.36
623.75  2.36
624.00  2.35
624.25  2.34
624.50  2.33
624.75  2.33
625.00  2.33
625.25  2.32
625.50  2.32
625.75  2.32
626.00  2.32
626.25  2.31
626.50  2.31
626.75  2.31
627.00  2.30
627.25  2.29
627.50  2.29
627.75  2.29
628.00  2.29
628.25  2.28
628.50  2.28
628.75  2.28
629.00  2.27
629.25  2.27
629.50  2.26
629.75  2.26
630.00  2.26
630.25  2.26
630.50  2.25
630.75  2.25
631.00  2.25
631.25  2.24
631.50  2.24
631.75  2.24
632.00  2.23
632.25  2.23
632.50  2.22
632.75  2.22
633.00  2.22
633.25  2.22
633.50  2.21
633.75  2.21
634.00  2.21
634.25  2.22
634.50  2.21
634.75  2.20
635.00  2.20
635.25  2.20
635.50  2.20
635.75  2.19
636.00  2.19
636.25  2.19
636.50  2.18
636.75  2.17
637.00  2.17
637.25  2.17
637.50  2.16
637.75  2.16
638.00  2.15
638.25  2.15
638.50  2.15
638.75  2.15
639.00  2.15
639.25  2.14
639.50  2.14
639.75  2.13
640.00  2.13
640.25  2.13
640.50  2.12
640.75  2.12
641.00  2.12
641.25  2.11
641.50  2.11
641.75  2.11
642.00  2.11
642.25  2.11
642.50  2.11
642.75  2.10
643.00  2.10
643.25  2.10
643.50  2.10
643.75  2.09
644.00  2.08
644.25  2.08
644.50  2.08
644.75  2.08
645.00  2.08
645.25  2.07
645.50  2.07
645.75  2.07
646.00  2.06
646.25  2.06
646.50  2.05
646.75  2.05
647.00  2.05
647.25  2.04
647.50  2.04
647.75  2.04
648.00  2.03
648.25  2.03
648.50  2.02
648.75  2.02
649.00  2.02
649.25  2.01
649.50  2.01
649.75  2.01
650.00  2.00
650.25  2.00
650.50  1.99
650.75  1.99
651.00  1.99
651.25  1.98
651.50  1.98
651.75  1.98
652.00  1.97
652.25  1.96
652.50  1.96
652.75  1.96
653.00  1.95
653.25  1.95
653.50  1.95
653.75  1.94
654.00  1.94
654.25  1.93
654.50  1.92
654.75  1.92
655.00  1.92
655.25  1.92
655.50  1.91
655.75  1.91
656.00  1.91
656.25  1.90
656.50  1.90
656.75  1.90
657.00  1.89
657.25  1.89
657.50  1.89
657.75  1.88
658.00  1.88
658.25  1.88
658.50  1.87
658.75  1.87
659.00  1.87
659.25  1.86
659.50  1.86
659.75  1.86
660.00  1.86
660.25  1.86
660.50  1.85
660.75  1.85
661.00  1.85
661.25  1.84
661.50  1.84
661.75  1.84
662.00  1.83
662.25  1.83
662.50  1.83
662.75  1.83
663.00  1.82
663.25  1.81
663.50  1.81
663.75  1.81
664.00  1.81
664.25  1.81
664.50  1.81
664.75  1.80
665.00  1.80
665.25  1.80
665.50  1.80
665.75  1.80
666.00  1.79
666.25  1.79
666.50  1.79
666.75  1.79
667.00  1.78
667.25  1.78
667.50  1.77
667.75  1.77
668.00  1.77
668.25  1.77
668.50  1.77
668.75  1.77
669.00  1.77
669.25  1.76
669.50  1.76
669.75  1.75
670.00  1.75
670.25  1.75
670.50  1.75
670.75  1.74
671.00  1.74
671.25  1.74
671.50  1.74
671.75  1.73
672.00  1.73
672.25  1.73
672.50  1.72
672.75  1.72
673.00  1.72
673.25  1.71
673.50  1.71
673.75  1.70
674.00  1.70
674.25  1.70
674.50  1.70
674.75  1.69
675.00  1.69
675.25  1.69
675.50  1.69
675.75  1.68
676.00  1.68
676.25  1.68
676.50  1.68
676.75  1.68
677.00  1.68
677.25  1.67
677.50  1.68
677.75  1.67
678.00  1.67
678.25  1.66
678.50  1.66
678.75  1.66
679.00  1.65
679.25  1.65
679.50  1.64
679.75  1.64
680.00  1.64
680.25  1.63
680.50  1.63
680.75  1.63
681.00  1.62
681.25  1.62
681.50  1.62
681.75  1.62
682.00  1.62
682.25  1.62
682.50  1.61
682.75  1.61
683.00  1.61
683.25  1.61
683.50  1.61
683.75  1.61
684.00  1.60
684.25  1.60
684.50  1.59
684.75  1.59
685.00  1.59
685.25  1.58
685.50  1.58
685.75  1.58
686.00  1.57
686.25  1.57
686.50  1.56
686.75  1.56
687.00  1.56
687.25  1.55
687.50  1.55
687.75  1.55
688.00  1.55
688.25  1.54
688.50  1.54
688.75  1.54
689.00  1.54
689.25  1.54
689.50  1.54
689.75  1.53
690.00  1.53
690.25  1.53
690.50  1.52
690.75  1.52
691.00  1.52
691.25  1.51
691.50  1.51
691.75  1.51
692.00  1.50
692.25  1.50
692.50  1.50
692.75  1.50
693.00  1.49
693.25  1.49
693.50  1.49
693.75  1.49
694.00  1.48
694.25  1.48
694.50  1.48
694.75  1.48
695.00  1.48
695.25  1.47
695.50  1.47
695.75  1.47
696.00  1.46
696.25  1.46
696.50  1.46
696.75  1.46
697.00  1.46
697.25  1.45
697.50  1.45
697.75  1.45
698.00  1.44
698.25  1.44
698.50  1.44
698.75  1.44
699.00  1.44
699.25  1.43
699.50  1.43
699.75  1.43
700.00  1.42
700.25  1.42
700.50  1.42
700.75  1.42
701.00  1.42
701.25  1.41
701.50  1.42
701.75  1.42
702.00  1.41
702.25  1.41
702.50  1.41
702.75  1.41
703.00  1.41
703.25  1.40
703.50  1.40
703.75  1.40
704.00  1.40
704.25  1.40
704.50  1.40
704.75  1.39
705.00  1.39
705.25  1.39
705.50  1.39
705.75  1.39
706.00  1.38
706.25  1.38
706.50  1.38
706.75  1.37
707.00  1.37
707.25  1.37
707.50  1.37
707.75  1.36
708.00  1.36
708.25  1.36
708.50  1.35
708.75  1.35
709.00  1.35
709.25  1.34
709.50  1.34
709.75  1.34
710.00  1.34
710.25  1.33
710.50  1.33
710.75  1.33
711.00  1.33
711.25  1.32
711.50  1.32
711.75  1.31
712.00  1.31
712.25  1.31
712.50  1.31
712.75  1.30
713.00  1.30
713.25  1.29
713.50  1.29
713.75  1.28
714.00  1.28
714.25  1.28
714.50  1.28
714.75  1.27
715.00  1.27
715.25  1.27
715.50  1.27
715.75  1.26
716.00  1.26
716.25  1.26
716.50  1.26
716.75  1.26
717.00  1.25
717.25  1.25
717.50  1.25
717.75  1.25
718.00  1.24
718.25  1.24
718.50  1.24
718.75  1.24
719.00  1.23
719.25  1.23
719.50  1.23
719.75  1.23
