0.00 	0.66 	0.77 	0.80 
0.25 	0.67 	0.87 	0.80 
0.50 	0.68 	0.89 	0.80 
0.75 	0.69 	0.79 	0.80 
1.00 	0.70 	0.75 	0.80 
1.25 	0.71 	0.77 	0.79 
1.50 	0.72 	0.81 	0.79 
1.75 	0.73 	0.74 	0.79 
2.00 	0.74 	0.80 	0.79 
2.25 	0.75 	0.78 	0.79 
2.50 	0.75 	0.80 	0.79 
2.75 	0.76 	0.76 	0.79 
3.00 	0.77 	0.76 	0.79 
3.25 	0.77 	0.76 	0.79 
3.50 	0.78 	0.80 	0.79 
3.75 	0.78 	0.85 	0.79 
4.00 	0.78 	0.73 	0.79 
4.25 	0.77 	0.84 	0.79 
4.50 	0.77 	0.75 	0.79 
4.75 	0.76 	0.73 	0.79 
5.00 	0.75 	0.74 	0.79 
5.25 	0.74 	0.76 	0.78 
5.50 	0.73 	0.76 	0.78 
5.75 	0.72 	0.83 	0.78 
6.00 	0.71 	0.87 	0.78 
6.25 	0.70 	0.74 	0.78 
6.50 	0.69 	0.78 	0.78 
6.75 	0.68 	0.79 	0.78 
7.00 	0.66 	0.76 	0.77 
7.25 	0.65 	0.78 	0.77 
7.50 	0.64 	0.83 	0.77 
7.75 	0.62 	0.87 	0.77 
8.00 	0.61 	0.77 	0.77 
8.25 	0.59 	0.85 	0.77 
8.50 	0.57 	0.74 	0.76 
8.75 	0.56 	0.74 	0.76 
9.00 	0.54 	0.70 	0.76 
9.25 	0.52 	0.84 	0.76 
9.50 	0.51 	0.72 	0.76 
9.75 	0.50 	0.74 	0.76 
10.00 	0.49 	0.71 	0.76 
10.25 	0.50 	0.81 	0.76 
10.50 	0.52 	0.73 	0.75 
10.75 	0.54 	0.84 	0.75 
11.00 	0.56 	0.68 	0.75 
11.25 	0.59 	0.77 	0.74 
11.50 	0.60 	0.79 	0.74 
11.75 	0.62 	0.68 	0.74 
12.00 	0.64 	0.71 	0.74 
12.25 	0.65 	0.73 	0.74 
12.50 	0.67 	0.70 	0.73 
12.75 	0.68 	0.72 	0.73 
13.00 	0.69 	0.67 	0.73 
13.25 	0.70 	0.72 	0.72 
13.50 	0.71 	0.71 	0.72 
13.75 	0.72 	0.72 	0.72 
14.00 	0.73 	0.68 	0.72 
14.25 	0.73 	0.78 	0.72 
14.50 	0.74 	0.70 	0.72 
14.75 	0.75 	0.79 	0.71 
15.00 	0.76 	0.70 	0.71 
15.25 	0.76 	0.68 	0.71 
15.50 	0.77 	0.69 	0.71 
15.75 	0.77 	0.72 	0.70 
16.00 	0.76 	0.65 	0.70 
16.25 	0.75 	0.70 	0.70 
16.50 	0.74 	0.79 	0.70 
16.75 	0.73 	0.69 	0.70 
17.00 	0.72 	0.69 	0.70 
17.25 	0.71 	0.68 	0.70 
17.50 	0.69 	0.70 	0.70 
17.75 	0.68 	0.77 	0.70 
18.00 	0.67 	0.69 	0.70 
18.25 	0.66 	0.67 	0.70 
18.50 	0.64 	0.68 	0.70 
18.75 	0.63 	0.68 	0.70 
19.00 	0.62 	0.64 	0.70 
19.25 	0.60 	0.69 	0.69 
19.50 	0.58 	0.68 	0.69 
19.75 	0.57 	0.69 	0.69 
20.00 	0.55 	0.66 	0.69 
20.25 	0.53 	0.67 	0.69 
20.50 	0.52 	0.69 	0.69 
20.75 	0.50 	0.68 	0.68 
21.00 	0.48 	0.66 	0.69 
21.25 	0.46 	0.66 	0.68 
21.50 	0.45 	0.70 	0.68 
21.75 	0.44 	0.68 	0.68 
22.00 	0.44 	0.76 	0.68 
22.25 	0.46 	0.74 	0.68 
22.50 	0.48 	0.77 	0.68 
22.75 	0.50 	0.68 	0.67 
23.00 	0.53 	0.68 	0.67 
23.25 	0.55 	0.64 	0.67 
23.50 	0.57 	0.72 	0.67 
23.75 	0.59 	0.66 	0.67 
24.00 	0.60 	0.66 	0.67 
24.25 	0.62 	0.60 	0.67 
24.50 	0.63 	0.62 	0.67 
24.75 	0.65 	0.70 	0.67 
25.00 	0.66 	0.64 	0.67 
25.25 	0.67 	0.68 	0.67 
25.50 	0.69 	0.65 	0.67 
25.75 	0.69 	0.74 	0.67 
26.00 	0.71 	0.64 	0.67 
26.25 	0.72 	0.68 	0.67 
26.50 	0.73 	0.64 	0.67 
26.75 	0.73 	0.65 	0.67 
27.00 	0.74 	0.66 	0.67 
27.25 	0.75 	0.61 	0.66 
27.50 	0.76 	0.64 	0.66 
27.75 	0.77 	0.63 	0.66 
28.00 	0.77 	0.66 	0.66 
28.25 	0.78 	0.62 	0.66 
28.50 	0.78 	0.70 	0.66 
28.75 	0.79 	0.75 	0.66 
29.00 	0.79 	0.60 	0.66 
29.25 	0.79 	0.75 	0.66 
29.50 	0.79 	0.64 	0.66 
29.75 	0.78 	0.64 	0.65 
30.00 	0.77 	0.63 	0.65 
30.25 	0.76 	0.62 	0.65 
30.50 	0.75 	0.61 	0.65 
30.75 	0.74 	0.74 	0.65 
31.00 	0.73 	0.71 	0.65 
31.25 	0.72 	0.61 	0.64 
31.50 	0.71 	0.72 	0.64 
31.75 	0.70 	0.69 	0.64 
32.00 	0.69 	0.64 	0.64 
32.25 	0.68 	0.61 	0.64 
32.50 	0.66 	0.62 	0.64 
32.75 	0.65 	0.62 	0.64 
33.00 	0.64 	0.61 	0.64 
33.25 	0.62 	0.70 	0.64 
33.50 	0.61 	0.68 	0.64 
33.75 	0.59 	0.70 	0.63 
34.00 	0.57 	0.60 	0.64 
34.25 	0.56 	0.60 	0.63 
34.50 	0.55 	0.58 	0.63 
34.75 	0.54 	0.63 	0.63 
35.00 	0.55 	0.62 	0.63 
35.25 	0.56 	0.60 	0.63 
35.50 	0.58 	0.56 	0.63 
35.75 	0.60 	0.61 	0.63 
36.00 	0.62 	0.59 	0.63 
36.25 	0.64 	0.70 	0.63 
36.50 	0.66 	0.59 	0.62 
36.75 	0.67 	0.59 	0.62 
37.00 	0.68 	0.60 	0.62 
37.25 	0.69 	0.66 	0.62 
37.50 	0.70 	0.60 	0.62 
37.75 	0.71 	0.68 	0.62 
38.00 	0.72 	0.58 	0.62 
38.25 	0.73 	0.61 	0.62 
38.50 	0.74 	0.60 	0.61 
38.75 	0.75 	0.66 	0.61 
39.00 	0.76 	0.64 	0.61 
39.25 	0.76 	0.64 	0.61 
39.50 	0.77 	0.63 	0.61 
39.75 	0.78 	0.58 	0.61 
40.00 	0.78 	0.63 	0.61 
40.25 	0.79 	0.58 	0.61 
40.50 	0.80 	0.70 	0.61 
40.75 	0.80 	0.61 	0.62 
41.00 	0.80 	0.57 	0.62 
41.25 	0.81 	0.60 	0.61 
41.50 	0.80 	0.53 	0.61 
41.75 	0.80 	0.69 	0.61 
42.00 	0.79 	0.59 	0.61 
42.25 	0.78 	0.62 	0.61 
42.50 	0.77 	0.56 	0.61 
42.75 	0.76 	0.56 	0.61 
43.00 	0.75 	0.64 	0.61 
43.25 	0.74 	0.62 	0.61 
43.50 	0.73 	0.59 	0.61 
43.75 	0.72 	0.62 	0.60 
44.00 	0.71 	0.63 	0.60 
44.25 	0.70 	0.58 	0.60 
44.50 	0.69 	0.63 	0.60 
44.75 	0.67 	0.55 	0.60 
45.00 	0.66 	0.69 	0.60 
45.25 	0.64 	0.61 	0.60 
45.50 	0.63 	0.68 	0.59 
45.75 	0.61 	0.59 	0.59 
46.00 	0.60 	0.59 	0.59 
46.25 	0.58 	0.58 	0.59 
46.50 	0.57 	0.61 	0.59 
46.75 	0.56 	0.66 	0.59 
47.00 	0.56 	0.59 	0.59 
47.25 	0.57 	0.53 	0.59 
47.50 	0.58 	0.64 	0.59 
47.75 	0.60 	0.53 	0.59 
48.00 	0.62 	0.52 	0.59 
48.25 	0.64 	0.55 	0.59 
48.50 	0.66 	0.52 	0.58 
48.75 	0.67 	0.59 	0.58 
49.00 	0.68 	0.61 	0.58 
49.25 	0.69 	0.64 	0.58 
49.50 	0.70 	0.53 	0.58 
49.75 	0.71 	0.58 	0.58 
50.00 	0.72 	0.53 	0.58 
50.25 	0.73 	0.54 	0.57 
50.50 	0.74 	0.55 	0.57 
50.75 	0.75 	0.55 	0.57 
51.00 	0.75 	0.65 	0.57 
51.25 	0.76 	0.57 	0.57 
51.50 	0.77 	0.60 	0.57 
51.75 	0.78 	0.54 	0.56 
52.00 	0.78 	0.65 	0.56 
52.25 	0.79 	0.55 	0.56 
52.50 	0.80 	0.53 	0.56 
52.75 	0.80 	0.65 	0.56 
53.00 	0.81 	0.54 	0.56 
53.25 	0.81 	0.50 	0.56 
53.50 	0.82 	0.54 	0.56 
53.75 	0.83 	0.52 	0.56 
54.00 	0.83 	0.59 	0.56 
54.25 	0.83 	0.57 	0.55 
54.50 	0.83 	0.55 	0.56 
54.75 	0.82 	0.56 	0.55 
55.00 	0.82 	0.58 	0.55 
55.25 	0.81 	0.52 	0.55 
55.50 	0.80 	0.51 	0.55 
55.75 	0.79 	0.55 	0.55 
56.00 	0.79 	0.55 	0.55 
56.25 	0.78 	0.57 	0.55 
56.50 	0.77 	0.53 	0.55 
56.75 	0.76 	0.50 	0.55 
57.00 	0.76 	0.57 	0.54 
57.25 	0.75 	0.61 	0.54 
57.50 	0.74 	0.53 	0.54 
57.75 	0.73 	0.50 	0.53 
58.00 	0.72 	0.59 	0.53 
58.25 	0.70 	0.59 	0.54 
58.50 	0.69 	0.52 	0.54 
58.75 	0.68 	0.50 	0.54 
59.00 	0.66 	0.54 	0.54 
59.25 	0.65 	0.60 	0.54 
59.50 	0.64 	0.49 	0.54 
59.75 	0.63 	0.50 	0.53 
60.00 	0.63 	0.53 	0.53 
60.25 	0.64 	0.58 	0.53 
60.50 	0.65 	0.48 	0.53 
60.75 	0.66 	0.52 	0.53 
61.00 	0.68 	0.51 	0.53 
61.25 	0.70 	0.50 	0.53 
61.50 	0.71 	0.54 	0.53 
61.75 	0.73 	0.46 	0.53 
62.00 	0.73 	0.53 	0.53 
62.25 	0.74 	0.48 	0.52 
62.50 	0.75 	0.50 	0.52 
62.75 	0.76 	0.54 	0.52 
63.00 	0.76 	0.61 	0.52 
63.25 	0.77 	0.60 	0.52 
63.50 	0.78 	0.51 	0.52 
63.75 	0.78 	0.57 	0.52 
64.00 	0.79 	0.52 	0.51 
64.25 	0.79 	0.50 	0.51 
64.50 	0.80 	0.48 	0.51 
64.75 	0.81 	0.49 	0.51 
65.00 	0.81 	0.53 	0.51 
65.25 	0.82 	0.48 	0.51 
65.50 	0.83 	0.51 	0.51 
65.75 	0.83 	0.49 	0.51 
66.00 	0.84 	0.48 	0.50 
66.25 	0.84 	0.54 	0.51 
66.50 	0.84 	0.50 	0.50 
66.75 	0.84 	0.55 	0.50 
67.00 	0.83 	0.53 	0.50 
67.25 	0.82 	0.48 	0.51 
67.50 	0.81 	0.49 	0.51 
67.75 	0.80 	0.47 	0.50 
68.00 	0.80 	0.48 	0.50 
68.25 	0.79 	0.56 	0.50 
68.50 	0.78 	0.44 	0.49 
68.75 	0.77 	0.49 	0.49 
69.00 	0.77 	0.46 	0.49 
69.25 	0.76 	0.57 	0.49 
69.50 	0.74 	0.42 	0.49 
69.75 	0.73 	0.49 	0.49 
70.00 	0.72 	0.52 	0.49 
70.25 	0.71 	0.47 	0.49 
70.50 	0.70 	0.44 	0.49 
70.75 	0.69 	0.48 	0.49 
71.00 	0.67 	0.57 	0.49 
71.25 	0.66 	0.45 	0.49 
71.50 	0.65 	0.49 	0.49 
71.75 	0.64 	0.52 	0.48 
72.00 	0.63 	0.55 	0.48 
72.25 	0.63 	0.47 	0.49 
72.50 	0.64 	0.46 	0.49 
72.75 	0.65 	0.46 	0.49 
73.00 	0.67 	0.45 	0.49 
73.25 	0.68 	0.46 	0.48 
73.50 	0.70 	0.44 	0.49 
73.75 	0.71 	0.47 	0.48 
74.00 	0.72 	0.49 	0.48 
74.25 	0.73 	0.46 	0.48 
74.50 	0.74 	0.47 	0.49 
74.75 	0.75 	0.48 	0.49 
75.00 	0.76 	0.44 	0.48 
75.25 	0.76 	0.56 	0.48 
75.50 	0.77 	0.45 	0.48 
75.75 	0.77 	0.48 	0.48 
76.00 	0.78 	0.56 	0.48 
76.25 	0.79 	0.51 	0.48 
76.50 	0.79 	0.44 	0.48 
76.75 	0.80 	0.53 	0.48 
77.00 	0.80 	0.51 	0.48 
77.25 	0.81 	0.52 	0.47 
77.50 	0.82 	0.48 	0.47 
77.75 	0.82 	0.44 	0.47 
78.00 	0.83 	0.54 	0.47 
78.25 	0.83 	0.46 	0.47 
78.50 	0.84 	0.45 	0.48 
78.75 	0.84 	0.48 	0.48 
79.00 	0.84 	0.47 	0.48 
79.25 	0.84 	0.54 	0.48 
79.50 	0.83 	0.53 	0.48 
79.75 	0.82 	0.42 	0.48 
80.00 	0.81 	0.43 	0.48 
80.25 	0.81 	0.52 	0.47 
80.50 	0.80 	0.48 	0.48 
80.75 	0.79 	0.44 	0.47 
81.00 	0.78 	0.45 	0.47 
81.25 	0.78 	0.42 	0.47 
81.50 	0.77 	0.45 	0.47 
81.75 	0.77 	0.45 	0.47 
82.00 	0.75 	0.45 	0.47 
82.25 	0.74 	0.46 	0.47 
82.50 	0.73 	0.43 	0.47 
82.75 	0.72 	0.44 	0.46 
83.00 	0.71 	0.43 	0.46 
83.25 	0.70 	0.55 	0.46 
83.50 	0.69 	0.51 	0.46 
83.75 	0.67 	0.49 	0.46 
84.00 	0.66 	0.50 	0.46 
84.25 	0.65 	0.50 	0.46 
84.50 	0.64 	0.43 	0.45 
84.75 	0.64 	0.45 	0.46 
85.00 	0.64 	0.44 	0.45 
85.25 	0.66 	0.53 	0.45 
85.50 	0.67 	0.40 	0.45 
85.75 	0.69 	0.47 	0.45 
86.00 	0.70 	0.45 	0.45 
86.25 	0.71 	0.47 	0.45 
86.50 	0.73 	0.50 	0.45 
86.75 	0.74 	0.40 	0.45 
87.00 	0.75 	0.42 	0.45 
87.25 	0.75 	0.47 	0.45 
87.50 	0.76 	0.41 	0.45 
87.75 	0.77 	0.40 	0.45 
88.00 	0.77 	0.44 	0.46 
88.25 	0.78 	0.45 	0.45 
88.50 	0.79 	0.47 	0.45 
88.75 	0.79 	0.41 	0.45 
89.00 	0.80 	0.40 	0.45 
89.25 	0.80 	0.48 	0.45 
89.50 	0.81 	0.46 	0.45 
89.75 	0.82 	0.39 	0.45 
90.00 	0.82 	0.39 	0.45 
90.25 	0.83 	0.50 	0.45 
90.50 	0.84 	0.40 	0.45 
90.75 	0.84 	0.43 	0.45 
91.00 	0.84 	0.46 	0.45 
91.25 	0.84 	0.50 	0.45 
91.50 	0.85 	0.52 	0.44 
91.75 	0.84 	0.40 	0.45 
92.00 	0.84 	0.52 	0.45 
92.25 	0.83 	0.41 	0.44 
92.50 	0.82 	0.47 	0.44 
92.75 	0.81 	0.45 	0.44 
93.00 	0.81 	0.43 	0.44 
93.25 	0.80 	0.43 	0.44 
93.50 	0.79 	0.50 	0.44 
93.75 	0.79 	0.53 	0.44 
94.00 	0.78 	0.41 	0.45 
94.25 	0.77 	0.41 	0.44 
94.50 	0.76 	0.43 	0.44 
94.75 	0.75 	0.49 	0.44 
95.00 	0.74 	0.48 	0.44 
95.25 	0.73 	0.42 	0.44 
95.50 	0.72 	0.48 	0.45 
95.75 	0.71 	0.45 	0.45 
96.00 	0.70 	0.39 	0.45 
96.25 	0.69 	0.41 	0.44 
96.50 	0.68 	0.48 	0.44 
96.75 	0.67 	0.38 	0.44 
97.00 	0.66 	0.41 	0.44 
97.25 	0.66 	0.40 	0.44 
97.50 	0.67 	0.42 	0.44 
97.75 	0.68 	0.40 	0.44 
98.00 	0.69 	0.40 	0.44 
98.25 	0.71 	0.39 	0.44 
98.50 	0.72 	0.52 	0.44 
98.75 	0.73 	0.50 	0.44 
99.00 	0.74 	0.40 	0.44 
99.25 	0.75 	0.41 	0.44 
99.50 	0.76 	0.42 	0.44 
99.75 	0.77 	0.46 	0.44 
100.00 	0.77 	0.48 	0.44 
100.25 	0.78 	0.49 	0.43 
100.50 	0.79 	0.40 	0.43 
100.75 	0.80 	0.48 	0.43 
101.00 	0.80 	0.41 	0.43 
101.25 	0.81 	0.46 	0.43 
101.50 	0.81 	0.44 	0.43 
101.75 	0.82 	0.40 	0.44 
102.00 	0.82 	0.42 	0.44 
102.25 	0.83 	0.45 	0.44 
102.50 	0.84 	0.43 	0.44 
102.75 	0.84 	0.41 	0.44 
103.00 	0.84 	0.53 	0.44 
103.25 	0.85 	0.47 	0.44 
103.50 	0.85 	0.40 	0.44 
103.75 	0.86 	0.40 	0.44 
104.00 	0.86 	0.47 	0.44 
104.25 	0.85 	0.37 	0.44 
104.50 	0.84 	0.42 	0.44 
104.75 	0.84 	0.50 	0.44 
105.00 	0.83 	0.38 	0.44 
105.25 	0.82 	0.46 	0.44 
105.50 	0.82 	0.44 	0.44 
105.75 	0.81 	0.40 	0.44 
106.00 	0.80 	0.43 	0.44 
106.25 	0.80 	0.47 	0.44 
106.50 	0.79 	0.52 	0.44 
106.75 	0.78 	0.46 	0.44 
107.00 	0.78 	0.39 	0.44 
107.25 	0.77 	0.40 	0.44 
107.50 	0.76 	0.49 	0.44 
107.75 	0.75 	0.37 	0.44 
108.00 	0.74 	0.44 	0.44 
108.25 	0.73 	0.44 	0.44 
108.50 	0.72 	0.46 	0.44 
108.75 	0.70 	0.52 	0.44 
109.00 	0.69 	0.42 	0.44 
109.25 	0.69 	0.43 	0.44 
109.50 	0.68 	0.41 	0.45 
109.75 	0.68 	0.48 	0.45 
110.00 	0.68 	0.38 	0.45 
110.25 	0.69 	0.41 	0.44 
110.50 	0.70 	0.52 	0.44 
110.75 	0.71 	0.38 	0.44 
111.00 	0.73 	0.48 	0.45 
111.25 	0.74 	0.55 	0.45 
111.50 	0.75 	0.48 	0.44 
111.75 	0.76 	0.40 	0.44 
112.00 	0.77 	0.51 	0.44 
112.25 	0.77 	0.41 	0.45 
112.50 	0.78 	0.44 	0.44 
112.75 	0.78 	0.49 	0.45 
113.00 	0.79 	0.39 	0.45 
113.25 	0.80 	0.40 	0.45 
113.50 	0.80 	0.43 	0.45 
113.75 	0.81 	0.43 	0.45 
114.00 	0.82 	0.42 	0.45 
114.25 	0.82 	0.54 	0.45 
114.50 	0.83 	0.51 	0.45 
114.75 	0.84 	0.40 	0.44 
115.00 	0.84 	0.41 	0.45 
115.25 	0.84 	0.40 	0.45 
115.50 	0.85 	0.44 	0.45 
115.75 	0.86 	0.48 	0.45 
116.00 	0.86 	0.49 	0.45 
116.25 	0.86 	0.41 	0.45 
116.50 	0.86 	0.46 	0.45 
116.75 	0.86 	0.39 	0.45 
117.00 	0.85 	0.45 	0.45 
117.25 	0.84 	0.45 	0.45 
117.50 	0.84 	0.42 	0.45 
117.75 	0.83 	0.45 	0.45 
118.00 	0.82 	0.48 	0.45 
118.25 	0.81 	0.45 	0.45 
118.50 	0.81 	0.49 	0.45 
118.75 	0.80 	0.40 	0.45 
119.00 	0.79 	0.48 	0.45 
119.25 	0.79 	0.38 	0.45 
119.50 	0.78 	0.44 	0.45 
119.75 	0.77 	0.49 	0.45 
120.00 	0.76 	0.42 	0.45 
120.25 	0.75 	0.51 	0.46 
120.50 	0.74 	0.39 	0.46 
120.75 	0.73 	0.45 	0.46 
121.00 	0.72 	0.54 	0.46 
121.25 	0.71 	0.52 	0.46 
121.50 	0.70 	0.45 	0.46 
121.75 	0.69 	0.42 	0.46 
122.00 	0.69 	0.52 	0.46 
122.25 	0.69 	0.48 	0.46 
122.50 	0.69 	0.41 	0.47 
122.75 	0.69 	0.39 	0.46 
123.00 	0.70 	0.42 	0.46 
123.25 	0.71 	0.41 	0.46 
123.50 	0.72 	0.41 	0.46 
123.75 	0.73 	0.54 	0.46 
124.00 	0.74 	0.56 	0.46 
124.25 	0.75 	0.44 	0.46 
124.50 	0.76 	0.43 	0.46 
124.75 	0.77 	0.53 	0.46 
125.00 	0.77 	0.51 	0.47 
125.25 	0.78 	0.48 	0.46 
125.50 	0.79 	0.50 	0.47 
125.75 	0.79 	0.50 	0.47 
126.00 	0.80 	0.58 	0.47 
126.25 	0.80 	0.51 	0.46 
126.50 	0.80 	0.44 	0.46 
126.75 	0.81 	0.43 	0.46 
127.00 	0.82 	0.46 	0.46 
127.25 	0.82 	0.43 	0.46 
127.50 	0.83 	0.40 	0.46 
127.75 	0.84 	0.47 	0.46 
128.00 	0.84 	0.44 	0.47 
128.25 	0.84 	0.40 	0.47 
128.50 	0.84 	0.44 	0.47 
128.75 	0.84 	0.43 	0.47 
129.00 	0.83 	0.46 	0.47 
129.25 	0.83 	0.43 	0.47 
129.50 	0.82 	0.55 	0.47 
129.75 	0.81 	0.46 	0.47 
130.00 	0.80 	0.48 	0.47 
130.25 	0.80 	0.45 	0.47 
130.50 	0.79 	0.50 	0.47 
130.75 	0.79 	0.45 	0.47 
131.00 	0.78 	0.47 	0.47 
131.25 	0.77 	0.43 	0.47 
131.50 	0.76 	0.42 	0.47 
131.75 	0.76 	0.48 	0.47 
132.00 	0.74 	0.46 	0.47 
132.25 	0.74 	0.44 	0.47 
132.50 	0.73 	0.47 	0.48 
132.75 	0.72 	0.51 	0.48 
133.00 	0.71 	0.49 	0.48 
133.25 	0.69 	0.49 	0.48 
133.50 	0.68 	0.46 	0.48 
133.75 	0.66 	0.55 	0.49 
134.00 	0.66 	0.51 	0.49 
134.25 	0.65 	0.42 	0.49 
134.50 	0.64 	0.54 	0.49 
134.75 	0.63 	0.51 	0.49 
135.00 	0.64 	0.51 	0.49 
135.25 	0.64 	0.44 	0.49 
135.50 	0.64 	0.48 	0.49 
135.75 	0.66 	0.55 	0.49 
136.00 	0.67 	0.54 	0.49 
136.25 	0.68 	0.47 	0.49 
136.50 	0.69 	0.55 	0.49 
136.75 	0.69 	0.47 	0.49 
137.00 	0.72 	0.49 	0.49 
137.25 	0.72 	0.53 	0.49 
137.50 	0.73 	0.43 	0.49 
137.75 	0.73 	0.50 	0.49 
138.00 	0.74 	0.52 	0.49 
138.25 	0.73 	0.44 	0.50 
138.50 	0.75 	0.55 	0.50 
138.75 	0.75 	0.57 	0.50 
139.00 	0.76 	0.46 	0.50 
139.25 	0.76 	0.43 	0.50 
139.50 	0.78 	0.58 	0.50 
139.75 	0.77 	0.48 	0.51 
140.00 	0.78 	0.56 	0.51 
140.25 	0.78 	0.44 	0.51 
140.50 	0.79 	0.44 	0.51 
140.75 	0.80 	0.48 	0.51 
141.00 	0.80 	0.47 	0.51 
141.25 	0.80 	0.45 	0.51 
141.50 	0.80 	0.44 	0.51 
141.75 	0.79 	0.48 	0.52 
142.00 	0.78 	0.46 	0.52 
142.25 	0.78 	0.55 	0.52 
142.50 	0.78 	0.50 	0.52 
142.75 	0.78 	0.54 	0.52 
143.00 	0.78 	0.55 	0.52 
143.25 	0.76 	0.53 	0.53 
143.50 	0.74 	0.53 	0.53 
143.75 	0.75 	0.54 	0.53 
144.00 	0.74 	0.61 	0.53 
144.25 	0.74 	0.54 	0.54 
144.50 	0.73 	0.60 	0.54 
144.75 	0.72 	0.58 	0.54 
145.00 	0.70 	0.52 	0.54 
145.25 	0.71 	0.60 	0.54 
145.50 	0.69 	0.51 	0.55 
145.75 	0.69 	0.52 	0.55 
146.00 	0.66 	0.63 	0.55 
146.25 	0.65 	0.53 	0.56 
146.50 	0.65 	0.64 	0.56 
146.75 	0.62 	0.54 	0.56 
147.00 	0.62 	0.55 	0.57 
147.25 	0.60 	0.53 	0.57 
147.50 	0.62 	0.55 	0.57 
147.75 	0.60 	0.53 	0.57 
148.00 	0.57 	0.52 	0.57 
148.25 	0.62 	0.63 	0.58 
148.50 	0.59 	0.57 	0.58 
148.75 	0.61 	0.55 	0.58 
149.00 	0.60 	0.65 	0.58 
149.25 	0.61 	0.59 	0.58 
149.50 	0.64 	0.61 	0.58 
149.75 	0.64 	0.62 	0.58 
150.00 	0.59 	0.57 	0.58 
150.25 	0.66 	0.57 	0.58 
150.50 	0.64 	0.60 	0.58 
150.75 	0.66 	0.56 	0.59 
151.00 	0.69 	0.64 	0.59 
151.25 	0.67 	0.56 	0.59 
151.50 	0.68 	0.59 	0.59 
151.75 	0.69 	0.67 	0.59 
152.00 	0.69 	0.56 	0.59 
152.25 	0.68 	0.65 	0.60 
152.50 	0.69 	0.57 	0.60 
152.75 	0.70 	0.56 	0.60 
153.00 	0.69 	0.65 	0.61 
153.25 	0.69 	0.66 	0.61 
153.50 	0.69 	0.65 	0.61 
153.75 	0.70 	0.55 	0.61 
154.00 	0.70 	0.61 	0.61 
154.25 	0.69 	0.54 	0.62 
154.50 	0.70 	0.57 	0.62 
154.75 	0.70 	0.60 	0.63 
155.00 	0.71 	0.58 	0.63 
155.25 	0.70 	0.58 	0.64 
155.50 	0.72 	0.57 	0.64 
155.75 	0.71 	0.66 	0.65 
156.00 	0.69 	0.63 	0.65 
156.25 	0.70 	0.66 	0.66 
156.50 	0.70 	0.66 	0.67 
156.75 	0.69 	0.62 	0.67 
157.00 	0.70 	0.61 	0.68 
157.25 	0.70 	0.70 	0.68 
157.50 	0.70 	0.62 	0.69 
157.75 	0.70 	0.64 	0.70 
158.00 	0.70 	0.69 	0.71 
158.25 	0.71 	0.68 	0.71 
158.50 	0.73 	0.67 	0.72 
158.75 	0.74 	0.64 	0.73 
159.00 	0.76 	0.78 	0.73 
159.25 	0.78 	0.69 	0.75 
159.50 	0.80 	0.84 	0.76 
159.75 	0.83 	0.71 	0.77 
160.00 	0.86 	0.83 	0.78 
160.25 	0.89 	0.86 	0.79 
160.50 	0.91 	0.81 	0.81 
160.75 	0.94 	0.78 	0.81 
161.00 	0.98 	0.82 	0.82 
161.25 	0.99 	0.90 	0.83 
161.50 	1.04 	0.82 	0.85 
161.75 	1.06 	0.87 	0.86 
162.00 	1.09 	0.83 	0.87 
162.25 	1.12 	0.90 	0.88 
162.50 	1.15 	0.83 	0.89 
162.75 	1.18 	0.86 	0.91 
163.00 	1.22 	0.91 	0.92 
163.25 	1.25 	0.87 	0.93 
163.50 	1.28 	0.92 	0.94 
163.75 	1.30 	0.88 	0.96 
164.00 	1.33 	1.08 	0.97 
164.25 	1.35 	1.00 	0.98 
164.50 	1.39 	1.04 	1.00 
164.75 	1.41 	1.05 	1.01 
165.00 	1.44 	1.03 	1.02 
165.25 	1.46 	1.02 	1.03 
165.50 	1.49 	1.00 	1.05 
165.75 	1.51 	0.99 	1.07 
166.00 	1.53 	1.09 	1.08 
166.25 	1.56 	1.14 	1.10 
166.50 	1.58 	1.05 	1.11 
166.75 	1.59 	1.07 	1.13 
167.00 	1.62 	1.10 	1.14 
167.25 	1.63 	1.12 	1.16 
167.50 	1.65 	1.13 	1.18 
167.75 	1.67 	1.17 	1.19 
168.00 	1.69 	1.17 	1.21 
168.25 	1.71 	1.20 	1.23 
168.50 	1.73 	1.22 	1.25 
168.75 	1.74 	1.19 	1.26 
169.00 	1.77 	1.26 	1.28 
169.25 	1.79 	1.35 	1.29 
169.50 	1.83 	1.28 	1.31 
169.75 	1.87 	1.29 	1.33 
170.00 	1.89 	1.31 	1.34 
170.25 	1.92 	1.44 	1.36 
170.50 	1.96 	1.42 	1.38 
170.75 	2.00 	1.44 	1.39 
171.00 	2.03 	1.52 	1.41 
171.25 	2.06 	1.37 	1.42 
171.50 	2.09 	1.38 	1.44 
171.75 	2.12 	1.53 	1.46 
172.00 	2.14 	1.55 	1.47 
172.25 	2.16 	1.51 	1.49 
172.50 	2.19 	1.51 	1.51 
172.75 	2.20 	1.52 	1.53 
173.00 	2.22 	1.62 	1.55 
173.25 	2.24 	1.67 	1.57 
173.50 	2.26 	1.51 	1.58 
173.75 	2.27 	1.63 	1.60 
174.00 	2.29 	1.59 	1.61 
174.25 	2.31 	1.73 	1.63 
174.50 	2.33 	1.64 	1.64 
174.75 	2.35 	1.69 	1.66 
175.00 	2.36 	1.65 	1.68 
175.25 	2.38 	1.66 	1.69 
175.50 	2.39 	1.67 	1.71 
175.75 	2.41 	1.67 	1.73 
176.00 	2.42 	1.70 	1.74 
176.25 	2.44 	1.74 	1.76 
176.50 	2.45 	1.70 	1.78 
176.75 	2.46 	1.77 	1.79 
177.00 	2.47 	1.89 	1.80 
177.25 	2.50 	1.82 	1.82 
177.50 	2.51 	1.90 	1.83 
177.75 	2.53 	1.82 	1.85 
178.00 	2.56 	1.93 	1.87 
178.25 	2.58 	1.82 	1.88 
178.50 	2.62 	1.83 	1.90 
178.75 	2.64 	1.88 	1.91 
179.00 	2.67 	1.84 	1.93 
179.25 	2.70 	1.90 	1.94 
179.50 	2.73 	1.94 	1.96 
179.75 	2.75 	2.07 	1.98 
180.00 	2.78 	2.03 	1.99 
180.25 	2.80 	2.12 	2.01 
180.50 	2.82 	2.01 	2.03 
180.75 	2.85 	2.01 	2.05 
181.00 	2.87 	2.01 	2.07 
181.25 	2.90 	2.16 	2.09 
181.50 	2.92 	2.06 	2.11 
181.75 	2.94 	2.01 	2.13 
182.00 	2.96 	2.17 	2.14 
182.25 	2.98 	2.06 	2.16 
182.50 	3.00 	2.29 	2.18 
182.75 	3.03 	2.17 	2.19 
183.00 	3.04 	2.15 	2.21 
183.25 	3.07 	2.32 	2.23 
183.50 	3.10 	2.19 	2.25 
183.75 	3.15 	2.34 	2.28 
184.00 	3.19 	2.19 	2.30 
184.25 	3.22 	2.29 	2.33 
184.50 	3.25 	2.30 	2.35 
184.75 	3.29 	2.25 	2.37 
185.00 	3.32 	2.34 	2.39 
185.25 	3.36 	2.39 	2.42 
185.50 	3.38 	2.52 	2.44 
185.75 	3.42 	2.41 	2.47 
186.00 	3.45 	2.63 	2.50 
186.25 	3.47 	2.47 	2.52 
186.50 	3.49 	2.44 	2.55 
186.75 	3.51 	2.42 	2.58 
187.00 	3.52 	2.62 	2.61 
187.25 	3.53 	2.51 	2.65 
187.50 	3.55 	2.54 	2.68 
187.75 	3.56 	2.56 	2.71 
188.00 	3.57 	2.74 	2.74 
188.25 	3.59 	2.60 	2.78 
188.50 	3.60 	2.72 	2.81 
188.75 	3.61 	2.88 	2.84 
189.00 	3.62 	2.93 	2.88 
189.25 	3.64 	2.76 	2.92 
189.50 	3.65 	2.84 	2.96 
189.75 	3.67 	2.88 	3.00 
190.00 	3.69 	3.11 	3.05 
190.25 	3.71 	2.97 	3.09 
190.50 	3.74 	3.03 	3.12 
190.75 	3.76 	3.09 	3.16 
191.00 	3.79 	3.15 	3.20 
191.25 	3.82 	3.28 	3.24 
191.50 	3.86 	3.08 	3.28 
191.75 	3.88 	3.38 	3.32 
192.00 	3.91 	3.44 	3.36 
192.25 	3.93 	3.52 	3.41 
192.50 	3.95 	3.54 	3.46 
192.75 	3.98 	3.32 	3.51 
193.00 	4.00 	3.74 	3.55 
193.25 	4.03 	3.57 	3.60 
193.50 	4.05 	3.52 	3.65 
193.75 	4.07 	3.58 	3.69 
194.00 	4.09 	3.95 	3.73 
194.25 	4.11 	3.74 	3.78 
194.50 	4.13 	3.96 	3.82 
194.75 	4.15 	4.00 	3.87 
195.00 	4.18 	3.99 	3.91 
195.25 	4.19 	3.85 	3.96 
195.50 	4.21 	4.07 	4.00 
195.75 	4.24 	3.94 	4.04 
196.00 	4.26 	4.02 	4.08 
196.25 	4.28 	4.04 	4.13 
196.50 	4.30 	4.06 	4.18 
196.75 	4.33 	4.28 	4.22 
197.00 	4.34 	4.54 	4.26 
197.25 	4.36 	4.27 	4.29 
197.50 	4.39 	4.42 	4.33 
197.75 	4.43 	4.29 	4.37 
198.00 	4.45 	4.70 	4.41 
198.25 	4.47 	4.75 	4.45 
198.50 	4.48 	4.40 	4.49 
198.75 	4.52 	4.43 	4.53 
199.00 	4.54 	4.58 	4.56 
199.25 	4.55 	4.68 	4.60 
199.50 	4.58 	4.77 	4.63 
199.75 	4.62 	4.56 	4.66 
200.00 	4.65 	4.92 	4.70 
200.25 	4.68 	4.70 	4.74 
200.50 	4.68 	4.71 	4.78 
200.75 	4.72 	4.74 	4.81 
201.00 	4.76 	5.17 	4.85 
201.25 	4.77 	4.77 	4.88 
201.50 	4.80 	5.00 	4.92 
201.75 	4.82 	4.97 	4.95 
202.00 	4.86 	4.92 	4.98 
202.25 	4.88 	4.90 	5.02 
202.50 	4.91 	5.04 	5.04 
202.75 	4.95 	5.08 	5.07 
203.00 	4.96 	5.11 	5.10 
203.25 	4.99 	5.04 	5.12 
203.50 	5.00 	5.38 	5.15 
203.75 	5.01 	5.07 	5.18 
204.00 	5.09 	5.33 	5.20 
204.25 	5.12 	5.27 	5.23 
204.50 	5.14 	5.13 	5.26 
204.75 	5.18 	5.47 	5.30 
205.00 	5.21 	5.49 	5.33 
205.25 	5.23 	5.47 	5.35 
205.50 	5.29 	5.24 	5.39 
205.75 	5.30 	5.52 	5.42 
206.00 	5.33 	5.35 	5.44 
206.25 	5.37 	5.44 	5.47 
206.50 	5.38 	5.60 	5.49 
206.75 	5.42 	5.43 	5.52 
207.00 	5.46 	5.82 	5.54 
207.25 	5.46 	5.38 	5.57 
207.50 	5.51 	5.46 	5.59 
207.75 	5.54 	5.67 	5.61 
208.00 	5.58 	5.48 	5.64 
208.25 	5.60 	5.61 	5.67 
208.50 	5.63 	5.60 	5.69 
208.75 	5.65 	5.70 	5.73 
209.00 	5.69 	5.85 	5.75 
209.25 	5.73 	5.88 	5.77 
209.50 	5.72 	5.89 	5.80 
209.75 	5.79 	6.04 	5.82 
210.00 	5.79 	5.81 	5.84 
210.25 	5.82 	5.98 	5.87 
210.50 	5.85 	5.83 	5.90 
210.75 	5.87 	6.02 	5.91 
211.00 	5.89 	5.91 	5.93 
211.25 	5.90 	6.07 	5.95 
211.50 	5.95 	6.08 	5.97 
211.75 	5.97 	5.73 	5.99 
212.00 	5.99 	5.99 	6.00 
212.25 	6.00 	5.95 	6.03 
212.50 	6.04 	5.84 	6.05 
212.75 	6.06 	6.08 	6.06 
213.00 	6.09 	6.23 	6.08 
213.25 	6.09 	6.38 	6.10 
213.50 	6.13 	6.40 	6.13 
213.75 	6.15 	6.20 	6.15 
214.00 	6.17 	6.03 	6.16 
214.25 	6.21 	6.23 	6.18 
214.50 	6.22 	6.27 	6.19 
214.75 	6.25 	6.41 	6.20 
215.00 	6.27 	6.47 	6.22 
215.25 	6.28 	6.30 	6.23 
215.50 	6.30 	6.08 	6.24 
215.75 	6.31 	6.03 	6.25 
216.00 	6.34 	6.42 	6.27 
216.25 	6.33 	6.11 	6.29 
216.50 	6.38 	6.29 	6.30 
216.75 	6.41 	6.26 	6.32 
217.00 	6.41 	6.49 	6.34 
217.25 	6.43 	6.32 	6.36 
217.50 	6.46 	6.21 	6.38 
217.75 	6.45 	6.17 	6.39 
218.00 	6.48 	6.47 	6.40 
218.25 	6.50 	6.55 	6.41 
218.50 	6.53 	6.74 	6.41 
218.75 	6.53 	6.26 	6.42 
219.00 	6.55 	6.71 	6.44 
219.25 	6.57 	6.27 	6.46 
219.50 	6.58 	6.35 	6.47 
219.75 	6.59 	6.39 	6.49 
220.00 	6.61 	6.31 	6.49 
220.25 	6.62 	6.52 	6.50 
220.50 	6.63 	6.40 	6.52 
220.75 	6.66 	6.66 	6.53 
221.00 	6.68 	6.66 	6.53 
221.25 	6.69 	6.43 	6.55 
221.50 	6.69 	6.54 	6.57 
221.75 	6.71 	6.76 	6.59 
222.00 	6.73 	6.88 	6.60 
222.25 	6.72 	6.50 	6.61 
222.50 	6.75 	6.49 	6.62 
222.75 	6.76 	6.79 	6.64 
223.00 	6.77 	6.58 	6.66 
223.25 	6.79 	6.49 	6.66 
223.50 	6.80 	6.66 	6.67 
223.75 	6.82 	6.82 	6.68 
224.00 	6.82 	6.84 	6.69 
224.25 	6.83 	6.85 	6.70 
224.50 	6.85 	6.96 	6.72 
224.75 	6.87 	6.69 	6.73 
225.00 	6.88 	6.69 	6.75 
225.25 	6.89 	6.58 	6.76 
225.50 	6.89 	6.59 	6.77 
225.75 	6.91 	6.56 	6.77 
226.00 	6.93 	6.81 	6.77 
226.25 	6.94 	6.89 	6.78 
226.50 	6.96 	6.99 	6.79 
226.75 	6.95 	7.01 	6.80 
227.00 	6.97 	6.73 	6.81 
227.25 	7.00 	6.78 	6.82 
227.50 	7.00 	6.70 	6.84 
227.75 	7.00 	7.19 	6.84 
228.00 	7.02 	6.71 	6.85 
228.25 	7.03 	7.23 	6.85 
228.50 	7.02 	6.62 	6.86 
228.75 	7.05 	6.94 	6.87 
229.00 	7.07 	6.76 	6.87 
229.25 	7.06 	7.09 	6.89 
229.50 	7.06 	6.88 	6.89 
229.75 	7.09 	6.91 	6.89 
230.00 	7.10 	6.85 	6.90 
230.25 	7.11 	6.79 	6.91 
230.50 	7.13 	6.70 	6.93 
230.75 	7.13 	6.75 	6.94 
231.00 	7.14 	6.89 	6.94 
231.25 	7.16 	6.92 	6.94 
231.50 	7.16 	7.12 	6.94 
231.75 	7.17 	7.06 	6.94 
232.00 	7.18 	6.97 	6.95 
232.25 	7.20 	7.22 	6.96 
232.50 	7.21 	6.83 	6.98 
232.75 	7.22 	6.89 	6.98 
233.00 	7.22 	6.80 	6.99 
233.25 	7.23 	6.90 	6.98 
233.50 	7.24 	7.08 	6.99 
233.75 	7.25 	7.08 	7.00 
234.00 	7.26 	7.37 	7.01 
234.25 	7.26 	7.09 	7.00 
234.50 	7.27 	6.86 	7.02 
234.75 	7.26 	6.95 	7.02 
235.00 	7.28 	7.02 	7.02 
235.25 	7.28 	7.31 	7.03 
235.50 	7.30 	7.03 	7.05 
235.75 	7.32 	6.95 	7.05 
236.00 	7.32 	6.87 	7.07 
236.25 	7.32 	6.92 	7.07 
236.50 	7.35 	6.97 	7.06 
236.75 	7.33 	6.92 	7.06 
237.00 	7.34 	7.40 	7.06 
237.25 	7.36 	7.48 	7.07 
237.50 	7.36 	7.13 	7.07 
237.75 	7.38 	6.91 	7.08 
238.00 	7.39 	6.93 	7.09 
238.25 	7.39 	7.03 	7.09 
238.50 	7.38 	7.48 	7.09 
238.75 	7.39 	6.92 	7.10 
239.00 	7.41 	7.00 	7.09 
239.25 	7.41 	7.29 	7.09 
239.50 	7.42 	7.13 	7.09 
239.75 	7.42 	6.95 	7.11 
240.00 	7.43 	7.21 	7.11 
240.25 	7.44 	7.14 	7.11 
240.50 	7.45 	7.03 	7.12 
240.75 	7.46 	7.39 	7.12 
241.00 	7.45 	6.94 	7.13 
241.25 	7.46 	6.95 	7.14 
241.50 	7.46 	6.96 	7.15 
241.75 	7.48 	7.20 	7.16 
242.00 	7.48 	7.41 	7.16 
242.25 	7.50 	7.01 	7.15 
242.50 	7.50 	6.99 	7.16 
242.75 	7.50 	7.34 	7.17 
243.00 	7.51 	7.09 	7.18 
243.25 	7.51 	7.00 	7.18 
243.50 	7.52 	7.20 	7.17 
243.75 	7.53 	6.97 	7.18 
244.00 	7.52 	7.13 	7.18 
244.25 	7.54 	7.01 	7.19 
244.50 	7.53 	7.53 	7.18 
244.75 	7.54 	7.33 	7.19 
245.00 	7.55 	7.13 	7.19 
245.25 	7.55 	7.50 	7.19 
245.50 	7.57 	7.04 	7.20 
245.75 	7.57 	7.28 	7.19 
246.00 	7.57 	7.28 	7.21 
246.25 	7.57 	7.14 	7.21 
246.50 	7.58 	7.35 	7.22 
246.75 	7.58 	7.36 	7.23 
247.00 	7.59 	7.09 	7.22 
247.25 	7.59 	7.52 	7.23 
247.50 	7.60 	7.39 	7.25 
247.75 	7.61 	7.19 	7.24 
248.00 	7.61 	7.07 	7.24 
248.25 	7.60 	7.05 	7.25 
248.50 	7.61 	7.51 	7.24 
248.75 	7.63 	7.02 	7.24 
249.00 	7.63 	7.44 	7.26 
249.25 	7.63 	7.08 	7.26 
249.50 	7.64 	7.16 	7.25 
249.75 	7.64 	7.31 	7.25 
250.00 	7.64 	6.99 	7.25 
250.25 	7.64 	7.57 	7.24 
250.50 	7.65 	7.03 	7.26 
250.75 	7.65 	7.49 	7.26 
251.00 	7.66 	7.10 	7.27 
251.25 	7.66 	7.37 	7.27 
251.50 	7.66 	7.42 	7.27 
251.75 	7.67 	7.29 	7.27 
252.00 	7.66 	7.26 	7.26 
252.25 	7.67 	7.54 	7.26 
252.50 	7.68 	7.04 	7.25 
252.75 	7.68 	7.23 	7.25 
253.00 	7.68 	7.26 	7.25 
253.25 	7.68 	7.03 	7.25 
253.50 	7.69 	7.02 	7.24 
253.75 	7.69 	7.61 	7.26 
254.00 	7.70 	7.13 	7.26 
254.25 	7.70 	6.97 	7.26 
254.50 	7.70 	7.33 	7.27 
254.75 	7.71 	7.11 	7.27 
255.00 	7.70 	7.43 	7.28 
255.25 	7.71 	7.54 	7.28 
255.50 	7.71 	7.60 	7.28 
255.75 	7.71 	7.43 	7.28 
256.00 	7.71 	7.26 	7.28 
256.25 	7.72 	7.29 	7.27 
256.50 	7.71 	7.20 	7.26 
256.75 	7.72 	7.02 	7.27 
257.00 	7.72 	7.21 	7.26 
257.25 	7.71 	7.07 	7.26 
257.50 	7.73 	7.07 	7.26 
257.75 	7.73 	7.10 	7.26 
258.00 	7.72 	7.36 	7.26 
258.25 	7.74 	7.04 	7.27 
258.50 	7.73 	7.59 	7.28 
258.75 	7.73 	7.55 	7.27 
259.00 	7.74 	7.12 	7.27 
259.25 	7.74 	7.43 	7.28 
259.50 	7.74 	7.58 	7.27 
259.75 	7.74 	7.41 	7.27 
260.00 	7.75 	7.45 	7.26 
260.25 	7.74 	7.10 	7.26 
260.50 	7.75 	7.28 	7.25 
260.75 	7.75 	7.02 	7.25 
261.00 	7.75 	7.10 	7.25 
261.25 	7.76 	7.26 	7.25 
261.50 	7.76 	7.36 	7.25 
261.75 	7.76 	6.99 	7.27 
262.00 	7.76 	7.44 	7.27 
262.25 	7.76 	7.32 	7.27 
262.50 	7.76 	7.11 	7.28 
262.75 	7.76 	7.15 	7.28 
263.00 	7.76 	7.44 	7.27 
263.25 	7.77 	7.43 	7.28 
263.50 	7.76 	7.37 	7.28 
263.75 	7.77 	7.15 	7.27 
264.00 	7.76 	7.04 	7.27 
264.25 	7.77 	7.22 	7.27 
264.50 	7.77 	7.08 	7.25 
264.75 	7.77 	7.00 	7.25 
265.00 	7.77 	7.55 	7.25 
265.25 	7.78 	7.27 	7.25 
265.50 	7.78 	7.17 	7.24 
265.75 	7.78 	7.44 	7.25 
266.00 	7.78 	7.12 	7.25 
266.25 	7.78 	7.55 	7.24 
266.50 	7.78 	7.42 	7.23 
266.75 	7.78 	7.24 	7.24 
267.00 	7.78 	7.20 	7.23 
267.25 	7.78 	7.41 	7.22 
267.50 	7.78 	7.02 	7.22 
267.75 	7.78 	7.31 	7.22 
268.00 	7.78 	7.22 	7.21 
268.25 	7.79 	7.49 	7.22 
268.50 	7.78 	7.16 	7.22 
268.75 	7.78 	7.08 	7.21 
269.00 	7.78 	7.47 	7.21 
269.25 	7.79 	7.01 	7.21 
269.50 	7.78 	7.30 	7.22 
269.75 	7.79 	7.57 	7.22 
270.00 	7.78 	7.12 	7.22 
270.25 	7.79 	6.96 	7.22 
270.50 	7.79 	7.10 	7.21 
270.75 	7.78 	7.12 	7.21 
271.00 	7.79 	7.05 	7.21 
271.25 	7.78 	7.06 	7.19 
271.50 	7.79 	7.26 	7.18 
271.75 	7.79 	6.99 	7.18 
272.00 	7.78 	6.99 	7.18 
272.25 	7.79 	7.18 	7.18 
272.50 	7.79 	7.22 	7.18 
272.75 	7.78 	6.95 	7.18 
273.00 	7.79 	7.57 	7.17 
273.25 	7.79 	7.39 	7.16 
273.50 	7.79 	7.01 	7.16 
273.75 	7.79 	7.08 	7.16 
274.00 	7.78 	7.08 	7.16 
274.25 	7.79 	7.52 	7.16 
274.50 	7.79 	7.11 	7.15 
274.75 	7.78 	7.21 	7.14 
275.00 	7.79 	7.42 	7.15 
275.25 	7.78 	6.96 	7.16 
275.50 	7.78 	7.22 	7.16 
275.75 	7.79 	7.09 	7.17 
276.00 	7.79 	6.93 	7.18 
276.25 	7.78 	7.16 	7.18 
276.50 	7.80 	7.17 	7.17 
276.75 	7.78 	7.21 	7.17 
277.00 	7.78 	7.28 	7.17 
277.25 	7.79 	7.14 	7.18 
277.50 	7.78 	7.21 	7.18 
277.75 	7.79 	6.99 	7.18 
278.00 	7.78 	7.01 	7.17 
278.25 	7.78 	7.20 	7.16 
278.50 	7.78 	7.14 	7.17 
278.75 	7.78 	7.10 	7.17 
279.00 	7.78 	7.07 	7.17 
279.25 	7.78 	7.15 	7.15 
279.50 	7.78 	7.10 	7.15 
279.75 	7.78 	7.31 	7.15 
280.00 	7.78 	7.34 	7.14 
280.25 	7.78 	7.34 	7.14 
280.50 	7.78 	7.35 	7.14 
280.75 	7.78 	7.35 	7.13 
281.00 	7.78 	7.10 	7.13 
281.25 	7.78 	6.98 	7.13 
281.50 	7.78 	7.18 	7.12 
281.75 	7.77 	6.94 	7.12 
282.00 	7.77 	7.39 	7.11 
282.25 	7.78 	7.13 	7.11 
282.50 	7.77 	7.19 	7.10 
282.75 	7.77 	7.09 	7.11 
283.00 	7.77 	7.05 	7.12 
283.25 	7.77 	7.29 	7.11 
283.50 	7.77 	7.14 	7.11 
283.75 	7.76 	6.95 	7.11 
284.00 	7.77 	6.94 	7.11 
284.25 	7.77 	7.02 	7.10 
284.50 	7.76 	7.28 	7.10 
284.75 	7.77 	6.97 	7.09 
285.00 	7.76 	6.95 	7.08 
285.25 	7.76 	7.15 	7.07 
285.50 	7.76 	6.86 	7.07 
285.75 	7.75 	6.86 	7.06 
286.00 	7.75 	7.06 	7.06 
286.25 	7.75 	6.88 	7.07 
286.50 	7.75 	7.12 	7.06 
286.75 	7.75 	6.85 	7.07 
287.00 	7.75 	7.16 	7.06 
287.25 	7.75 	7.11 	7.07 
287.50 	7.74 	7.20 	7.06 
287.75 	7.74 	7.29 	7.06 
288.00 	7.75 	6.96 	7.06 
288.25 	7.75 	7.24 	7.05 
288.50 	7.75 	7.02 	7.04 
288.75 	7.74 	6.88 	7.04 
289.00 	7.74 	6.94 	7.04 
289.25 	7.74 	6.90 	7.05 
289.50 	7.74 	7.06 	7.04 
289.75 	7.74 	6.84 	7.04 
290.00 	7.73 	7.08 	7.04 
290.25 	7.74 	7.29 	7.04 
290.50 	7.72 	7.19 	7.05 
290.75 	7.73 	7.02 	7.05 
291.00 	7.73 	7.23 	7.04 
291.25 	7.73 	6.89 	7.04 
291.50 	7.73 	7.26 	7.03 
291.75 	7.73 	7.19 	7.03 
292.00 	7.72 	7.17 	7.02 
292.25 	7.72 	6.84 	7.03 
292.50 	7.72 	7.28 	7.03 
292.75 	7.72 	6.81 	7.02 
293.00 	7.72 	6.90 	7.01 
293.25 	7.72 	6.78 	7.01 
293.50 	7.71 	7.08 	7.01 
293.75 	7.71 	7.12 	7.01 
294.00 	7.71 	7.13 	7.02 
294.25 	7.71 	7.02 	7.02 
294.50 	7.71 	6.99 	7.02 
294.75 	7.71 	6.88 	7.02 
295.00 	7.71 	7.28 	7.02 
295.25 	7.71 	7.02 	7.01 
295.50 	7.70 	6.82 	7.00 
295.75 	7.71 	6.80 	6.99 
296.00 	7.70 	7.01 	6.98 
296.25 	7.70 	6.80 	6.98 
296.50 	7.70 	6.78 	6.97 
296.75 	7.69 	6.80 	6.96 
297.00 	7.68 	7.27 	6.96 
297.25 	7.69 	7.33 	6.96 
297.50 	7.69 	6.82 	6.94 
297.75 	7.69 	6.78 	6.94 
298.00 	7.69 	7.22 	6.94 
298.25 	7.69 	6.93 	6.95 
298.50 	7.68 	6.97 	6.95 
298.75 	7.68 	7.05 	6.94 
299.00 	7.68 	7.14 	6.93 
299.25 	7.68 	6.87 	6.94 
299.50 	7.67 	7.11 	6.94 
299.75 	7.67 	6.91 	6.94 
300.00 	7.67 	7.01 	6.93 
300.25 	7.67 	6.69 	6.93 
300.50 	7.67 	6.76 	6.93 
300.75 	7.66 	6.76 	6.93 
301.00 	7.67 	6.74 	6.92 
301.25 	7.68 	6.91 	6.93 
301.50 	7.66 	7.05 	6.94 
301.75 	7.66 	6.91 	6.93 
302.00 	7.66 	6.73 	6.93 
302.25 	7.66 	6.77 	6.91 
302.50 	7.65 	6.91 	6.92 
302.75 	7.66 	6.70 	6.92 
303.00 	7.66 	7.05 	6.90 
303.25 	7.64 	7.17 	6.90 
303.50 	7.65 	6.80 	6.89 
303.75 	7.65 	6.82 	6.88 
304.00 	7.64 	7.26 	6.87 
304.25 	7.64 	7.10 	6.87 
304.50 	7.64 	6.82 	6.85 
304.75 	7.64 	6.95 	6.85 
305.00 	7.63 	6.88 	6.85 
305.25 	7.63 	6.78 	6.85 
305.50 	7.63 	6.76 	6.85 
305.75 	7.63 	6.73 	6.85 
306.00 	7.62 	7.12 	6.85 
306.25 	7.62 	7.13 	6.86 
306.50 	7.62 	6.64 	6.85 
306.75 	7.61 	7.12 	6.85 
307.00 	7.61 	6.71 	6.86 
307.25 	7.61 	7.03 	6.85 
307.50 	7.61 	6.80 	6.85 
307.75 	7.60 	6.65 	6.85 
308.00 	7.61 	6.67 	6.85 
308.25 	7.60 	6.77 	6.85 
308.50 	7.60 	6.71 	6.84 
308.75 	7.60 	6.72 	6.84 
309.00 	7.60 	6.67 	6.83 
309.25 	7.60 	6.58 	6.82 
309.50 	7.59 	6.89 	6.82 
309.75 	7.59 	6.78 	6.81 
310.00 	7.59 	6.75 	6.80 
310.25 	7.59 	6.85 	6.80 
310.50 	7.57 	6.94 	6.81 
310.75 	7.58 	6.71 	6.81 
311.00 	7.58 	7.00 	6.81 
311.25 	7.57 	6.67 	6.80 
311.50 	7.58 	6.90 	6.80 
311.75 	7.57 	7.14 	6.79 
312.00 	7.57 	6.63 	6.79 
312.25 	7.57 	6.72 	6.78 
312.50 	7.57 	6.78 	6.77 
312.75 	7.56 	7.07 	6.78 
313.00 	7.56 	7.03 	6.78 
313.25 	7.56 	6.72 	6.78 
313.50 	7.55 	6.73 	6.78 
313.75 	7.55 	6.77 	6.79 
314.00 	7.55 	6.81 	6.79 
314.25 	7.55 	6.60 	6.80 
314.50 	7.55 	6.54 	6.80 
314.75 	7.54 	6.56 	6.79 
315.00 	7.54 	6.75 	6.78 
315.25 	7.53 	7.12 	6.79 
315.50 	7.53 	6.80 	6.79 
315.75 	7.53 	7.08 	6.79 
316.00 	7.53 	6.66 	6.78 
316.25 	7.53 	6.83 	6.79 
316.50 	7.52 	6.86 	6.78 
316.75 	7.52 	6.55 	6.78 
317.00 	7.52 	6.53 	6.77 
317.25 	7.52 	6.71 	6.77 
317.50 	7.51 	6.76 	6.77 
317.75 	7.51 	6.58 	6.76 
318.00 	7.50 	6.79 	6.75 
318.25 	7.50 	6.98 	6.75 
318.50 	7.50 	7.00 	6.75 
318.75 	7.50 	6.75 	6.75 
319.00 	7.50 	6.87 	6.74 
319.25 	7.49 	6.73 	6.74 
319.50 	7.49 	6.52 	6.74 
319.75 	7.48 	6.60 	6.75 
320.00 	7.48 	7.00 	6.74 
320.25 	7.49 	6.89 	6.74 
320.50 	7.48 	6.90 	6.74 
320.75 	7.48 	6.56 	6.73 
321.00 	7.48 	6.87 	6.74 
321.25 	7.48 	6.58 	6.74 
321.50 	7.47 	7.04 	6.74 
321.75 	7.47 	6.58 	6.75 
322.00 	7.47 	6.75 	6.75 
322.25 	7.46 	6.58 	6.76 
322.50 	7.46 	6.77 	6.75 
322.75 	7.46 	6.75 	6.76 
323.00 	7.46 	6.66 	6.75 
323.25 	7.45 	6.62 	6.74 
323.50 	7.45 	6.61 	6.72 
323.75 	7.45 	6.68 	6.73 
324.00 	7.44 	6.56 	6.73 
324.25 	7.44 	6.53 	6.72 
324.50 	7.44 	6.68 	6.72 
324.75 	7.44 	6.65 	6.71 
325.00 	7.43 	6.84 	6.71 
325.25 	7.44 	6.94 	6.70 
325.50 	7.44 	6.84 	6.69 
325.75 	7.43 	6.87 	6.70 
326.00 	7.42 	6.83 	6.69 
326.25 	7.42 	6.93 	6.69 
326.50 	7.42 	6.83 	6.68 
326.75 	7.42 	6.66 	6.69 
327.00 	7.42 	6.89 	6.69 
327.25 	7.42 	6.45 	6.69 
327.50 	7.41 	6.86 	6.69 
327.75 	7.40 	6.74 	6.69 
328.00 	7.40 	6.38 	6.69 
328.25 	7.39 	6.47 	6.69 
328.50 	7.39 	6.98 	6.69 
328.75 	7.39 	6.70 	6.69 
329.00 	7.39 	6.40 	6.69 
329.25 	7.38 	6.52 	6.69 
329.50 	7.38 	6.48 	6.69 
329.75 	7.38 	6.89 	6.68 
330.00 	7.38 	6.52 	6.68 
330.25 	7.37 	6.42 	6.67 
330.50 	7.37 	6.91 	6.67 
330.75 	7.36 	6.36 	6.66 
331.00 	7.36 	6.89 	6.65 
331.25 	7.36 	6.59 	6.64 
331.50 	7.35 	6.69 	6.64 
331.75 	7.35 	6.77 	6.63 
332.00 	7.35 	6.86 	6.62 
332.25 	7.34 	6.63 	6.62 
332.50 	7.34 	6.70 	6.61 
332.75 	7.34 	6.83 	6.60 
333.00 	7.34 	6.46 	6.60 
333.25 	7.34 	6.84 	6.61 
333.50 	7.33 	6.60 	6.60 
333.75 	7.33 	6.32 	6.59 
334.00 	7.32 	6.81 	6.59 
334.25 	7.31 	6.47 	6.59 
334.50 	7.32 	6.37 	6.59 
334.75 	7.31 	6.65 	6.57 
335.00 	7.31 	6.88 	6.57 
335.25 	7.31 	6.68 	6.57 
335.50 	7.30 	6.38 	6.56 
335.75 	7.30 	6.69 	6.56 
336.00 	7.30 	6.55 	6.56 
336.25 	7.29 	6.71 	6.55 
336.50 	7.29 	6.36 	6.55 
336.75 	7.29 	6.53 	6.55 
337.00 	7.28 	6.35 	6.53 
337.25 	7.28 	6.34 	6.54 
337.50 	7.28 	6.26 	6.53 
337.75 	7.28 	6.62 	6.52 
338.00 	7.27 	6.81 	6.52 
338.25 	7.27 	6.49 	6.50 
338.50 	7.27 	6.50 	6.50 
338.75 	7.26 	6.33 	6.49 
339.00 	7.26 	6.34 	6.48 
339.25 	7.25 	6.45 	6.48 
339.50 	7.25 	6.34 	6.49 
339.75 	7.25 	6.53 	6.48 
340.00 	7.25 	6.30 	6.47 
340.25 	7.24 	6.60 	6.46 
340.50 	7.24 	6.41 	6.46 
340.75 	7.23 	6.70 	6.46 
341.00 	7.24 	6.47 	6.45 
341.25 	7.23 	6.71 	6.44 
341.50 	7.23 	6.59 	6.43 
341.75 	7.21 	6.29 	6.43 
342.00 	7.22 	6.74 	6.44 
342.25 	7.21 	6.48 	6.43 
342.50 	7.21 	6.42 	6.44 
342.75 	7.21 	6.31 	6.43 
343.00 	7.21 	6.31 	6.41 
343.25 	7.19 	6.24 	6.41 
343.50 	7.20 	6.26 	6.41 
343.75 	7.19 	6.20 	6.40 
344.00 	7.19 	6.44 	6.41 
344.25 	7.18 	6.76 	6.41 
344.50 	7.18 	6.34 	6.41 
344.75 	7.18 	6.71 	6.40 
345.00 	7.18 	6.22 	6.40 
345.25 	7.17 	6.23 	6.40 
345.50 	7.17 	6.65 	6.40 
345.75 	7.16 	6.19 	6.39 
346.00 	7.16 	6.26 	6.38 
346.25 	7.16 	6.22 	6.37 
346.50 	7.16 	6.29 	6.36 
346.75 	7.15 	6.64 	6.37 
347.00 	7.14 	6.15 	6.36 
347.25 	7.15 	6.58 	6.36 
347.50 	7.14 	6.14 	6.35 
347.75 	7.14 	6.21 	6.35 
348.00 	7.14 	6.39 	6.35 
348.25 	7.14 	6.51 	6.35 
348.50 	7.13 	6.16 	6.35 
348.75 	7.12 	6.52 	6.36 
349.00 	7.12 	6.33 	6.35 
349.25 	7.11 	6.51 	6.35 
349.50 	7.11 	6.22 	6.34 
349.75 	7.10 	6.29 	6.33 
350.00 	7.10 	6.44 	6.33 
350.25 	7.10 	6.68 	6.34 
350.50 	7.10 	6.14 	6.33 
350.75 	7.09 	6.19 	6.33 
351.00 	7.09 	6.14 	6.33 
351.25 	7.09 	6.37 	6.33 
351.50 	7.08 	6.47 	6.33 
351.75 	7.09 	6.47 	6.33 
352.00 	7.08 	6.44 	6.33 
352.25 	7.07 	6.10 	6.32 
352.50 	7.07 	6.26 	6.32 
352.75 	7.06 	6.19 	6.33 
353.00 	7.06 	6.32 	6.33 
353.25 	7.06 	6.48 	6.33 
353.50 	7.05 	6.24 	6.33 
353.75 	7.05 	6.30 	6.32 
354.00 	7.04 	6.55 	6.32 
354.25 	7.04 	6.23 	6.31 
354.50 	7.04 	6.26 	6.31 
354.75 	7.03 	6.26 	6.31 
355.00 	7.03 	6.56 	6.30 
355.25 	7.03 	6.12 	6.29 
355.50 	7.02 	6.36 	6.29 
355.75 	7.02 	6.19 	6.29 
356.00 	7.01 	6.06 	6.29 
356.25 	7.00 	6.46 	6.28 
356.50 	7.00 	6.42 	6.28 
356.75 	7.00 	6.43 	6.27 
357.00 	7.00 	6.10 	6.26 
357.25 	6.99 	6.14 	6.26 
357.50 	6.99 	6.50 	6.25 
357.75 	6.98 	6.54 	6.25 
358.00 	7.00 	6.28 	6.25 
358.25 	6.97 	6.20 	6.24 
358.50 	6.97 	6.17 	6.24 
358.75 	6.96 	6.25 	6.23 
359.00 	6.96 	6.12 	6.22 
359.25 	6.97 	6.41 	6.22 
359.50 	6.96 	6.28 	6.21 
359.75 	6.95 	6.00 	6.21 
360.00 	6.95 	6.16 	6.20 
360.25 	6.94 	6.37 	6.21 
360.50 	6.94 	5.98 	6.21 
360.75 	6.93 	6.19 	6.20 
361.00 	6.93 	6.18 	6.20 
361.25 	6.92 	6.27 	6.19 
361.50 	6.93 	6.21 	6.18 
361.75 	6.92 	6.02 	6.17 
362.00 	6.92 	6.02 	6.16 
362.25 	6.91 	6.00 	6.16 
362.50 	6.91 	6.09 	6.15 
362.75 	6.90 	6.17 	6.14 
363.00 	6.90 	6.30 	6.14 
363.25 	6.89 	6.13 	6.13 
363.50 	6.89 	6.02 	6.13 
363.75 	6.88 	6.05 	6.13 
364.00 	6.89 	6.42 	6.14 
364.25 	6.88 	5.95 	6.14 
364.50 	6.87 	6.24 	6.13 
364.75 	6.86 	6.05 	6.13 
365.00 	6.87 	6.40 	6.12 
365.25 	6.86 	6.26 	6.12 
365.50 	6.85 	6.14 	6.12 
365.75 	6.85 	6.01 	6.11 
366.00 	6.85 	6.01 	6.11 
366.25 	6.84 	5.91 	6.11 
366.50 	6.84 	5.95 	6.10 
366.75 	6.83 	6.03 	6.11 
367.00 	6.83 	5.90 	6.11 
367.25 	6.82 	6.08 	6.11 
367.50 	6.82 	6.40 	6.10 
367.75 	6.82 	5.99 	6.10 
368.00 	6.81 	6.07 	6.09 
368.25 	6.81 	6.05 	6.09 
368.50 	6.80 	6.34 	6.09 
368.75 	6.80 	6.38 	6.09 
369.00 	6.79 	6.37 	6.07 
369.25 	6.79 	5.90 	6.07 
369.50 	6.79 	6.07 	6.07 
369.75 	6.78 	5.94 	6.07 
370.00 	6.78 	6.06 	6.06 
370.25 	6.77 	6.19 	6.05 
370.50 	6.77 	5.89 	6.04 
370.75 	6.76 	6.21 	6.05 
371.00 	6.76 	6.03 	6.05 
371.25 	6.75 	5.95 	6.05 
371.50 	6.75 	6.33 	6.04 
371.75 	6.74 	6.04 	6.04 
372.00 	6.74 	5.89 	6.04 
372.25 	6.74 	5.85 	6.04 
372.50 	6.72 	5.94 	6.03 
372.75 	6.72 	6.03 	6.03 
373.00 	6.72 	6.18 	6.03 
373.25 	6.71 	6.01 	6.02 
373.50 	6.71 	5.89 	6.01 
373.75 	6.71 	5.86 	5.99 
374.00 	6.70 	5.93 	5.98 
374.25 	6.70 	6.26 	5.98 
374.50 	6.70 	5.85 	5.98 
374.75 	6.69 	6.07 	5.97 
375.00 	6.69 	6.10 	5.97 
375.25 	6.67 	5.81 	5.97 
375.50 	6.68 	6.07 	5.96 
375.75 	6.67 	6.08 	5.96 
376.00 	6.67 	5.87 	5.95 
376.25 	6.66 	5.77 	5.96 
376.50 	6.65 	5.89 	5.95 
376.75 	6.65 	5.95 	5.94 
377.00 	6.64 	6.17 	5.94 
377.25 	6.64 	5.87 	5.94 
377.50 	6.64 	5.94 	5.94 
377.75 	6.63 	6.05 	5.93 
378.00 	6.62 	5.72 	5.93 
378.25 	6.62 	5.86 	5.92 
378.50 	6.61 	5.87 	5.92 
378.75 	6.61 	6.00 	5.93 
379.00 	6.61 	5.75 	5.93 
379.25 	6.60 	5.91 	5.91 
379.50 	6.60 	5.79 	5.92 
379.75 	6.59 	6.09 	5.92 
380.00 	6.58 	5.92 	5.91 
380.25 	6.58 	5.79 	5.91 
380.50 	6.57 	6.02 	5.90 
380.75 	6.57 	5.86 	5.89 
381.00 	6.57 	6.04 	5.89 
381.25 	6.56 	5.96 	5.89 
381.50 	6.55 	5.67 	5.88 
381.75 	6.54 	5.93 	5.88 
382.00 	6.54 	6.02 	5.87 
382.25 	6.54 	5.71 	5.87 
382.50 	6.53 	5.66 	5.87 
382.75 	6.53 	6.10 	5.86 
383.00 	6.53 	5.81 	5.86 
383.25 	6.52 	6.00 	5.85 
383.50 	6.52 	6.05 	5.85 
383.75 	6.51 	5.95 	5.84 
384.00 	6.51 	5.71 	5.84 
384.25 	6.50 	6.08 	5.83 
384.50 	6.49 	5.91 	5.83 
384.75 	6.49 	5.87 	5.82 
385.00 	6.48 	5.64 	5.82 
385.25 	6.47 	5.67 	5.82 
385.50 	6.48 	5.88 	5.81 
385.75 	6.46 	5.82 	5.81 
386.00 	6.46 	5.64 	5.80 
386.25 	6.46 	5.74 	5.79 
386.50 	6.45 	5.98 	5.79 
386.75 	6.45 	5.71 	5.79 
387.00 	6.44 	5.79 	5.78 
387.25 	6.44 	5.80 	5.78 
387.50 	6.43 	5.71 	5.78 
387.75 	6.43 	5.80 	5.78 
388.00 	6.43 	5.69 	5.78 
388.25 	6.42 	5.63 	5.77 
388.50 	6.42 	5.67 	5.76 
388.75 	6.41 	5.56 	5.75 
389.00 	6.40 	5.81 	5.76 
389.25 	6.40 	5.63 	5.74 
389.50 	6.39 	5.84 	5.73 
389.75 	6.39 	5.80 	5.73 
390.00 	6.38 	5.88 	5.74 
390.25 	6.38 	5.75 	5.73 
390.50 	6.38 	5.73 	5.72 
390.75 	6.37 	5.58 	5.73 
391.00 	6.36 	5.55 	5.73 
391.25 	6.36 	5.81 	5.72 
391.50 	6.35 	5.68 	5.71 
391.75 	6.35 	5.62 	5.72 
392.00 	6.35 	5.72 	5.71 
392.25 	6.34 	5.84 	5.70 
392.50 	6.32 	6.01 	5.70 
392.75 	6.32 	5.85 	5.69 
393.00 	6.32 	5.56 	5.69 
393.25 	6.31 	5.90 	5.69 
393.50 	6.31 	5.58 	5.69 
393.75 	6.30 	5.82 	5.69 
394.00 	6.29 	5.53 	5.68 
394.25 	6.30 	5.55 	5.69 
394.50 	6.29 	5.74 	5.69 
394.75 	6.28 	5.89 	5.68 
395.00 	6.28 	5.51 	5.67 
395.25 	6.27 	5.49 	5.66 
395.50 	6.26 	5.92 	5.67 
395.75 	6.25 	5.72 	5.66 
396.00 	6.25 	5.51 	5.66 
396.25 	6.25 	5.70 	5.66 
396.50 	6.24 	5.75 	5.65 
396.75 	6.24 	5.63 	5.65 
397.00 	6.23 	5.47 	5.64 
397.25 	6.22 	5.45 	5.63 
397.50 	6.22 	5.60 	5.62 
397.75 	6.22 	5.73 	5.62 
398.00 	6.21 	5.63 	5.62 
398.25 	6.20 	5.58 	5.61 
398.50 	6.20 	5.49 	5.60 
398.75 	6.20 	5.64 	5.59 
399.00 	6.17 	5.84 	5.59 
399.25 	6.18 	5.84 	5.59 
399.50 	6.18 	5.43 	5.59 
399.75 	6.17 	5.43 	5.58 
400.00 	6.16 	5.57 	5.58 
400.25 	6.17 	5.87 	5.57 
400.50 	6.15 	5.45 	5.56 
400.75 	6.15 	5.59 	5.56 
401.00 	6.15 	5.46 	5.55 
401.25 	6.14 	5.44 	5.54 
401.50 	6.13 	5.47 	5.54 
401.75 	6.13 	5.54 	5.54 
402.00 	6.12 	5.41 	5.54 
402.25 	6.12 	5.80 	5.54 
402.50 	6.11 	5.68 	5.54 
402.75 	6.11 	5.38 	5.53 
403.00 	6.11 	5.57 	5.53 
403.25 	6.10 	5.38 	5.52 
403.50 	6.10 	5.37 	5.52 
403.75 	6.09 	5.36 	5.51 
404.00 	6.08 	5.53 	5.51 
404.25 	6.07 	5.75 	5.50 
404.50 	6.07 	5.55 	5.50 
404.75 	6.06 	5.48 	5.50 
405.00 	6.07 	5.39 	5.49 
405.25 	6.05 	5.52 	5.49 
405.50 	6.05 	5.44 	5.49 
405.75 	6.04 	5.35 	5.48 
406.00 	6.04 	5.36 	5.48 
406.25 	6.03 	5.77 	5.48 
406.50 	6.03 	5.57 	5.48 
406.75 	6.02 	5.37 	5.47 
407.00 	6.02 	5.58 	5.48 
407.25 	6.01 	5.41 	5.47 
407.50 	6.00 	5.52 	5.46 
407.75 	6.00 	5.34 	5.46 
408.00 	6.00 	5.41 	5.46 
408.25 	5.99 	5.44 	5.46 
408.50 	5.99 	5.42 	5.47 
408.75 	5.97 	5.49 	5.47 
409.00 	5.97 	5.57 	5.46 
409.25 	5.96 	5.33 	5.45 
409.50 	5.96 	5.46 	5.45 
409.75 	5.95 	5.48 	5.45 
410.00 	5.95 	5.68 	5.45 
410.25 	5.95 	5.30 	5.45 
410.50 	5.93 	5.44 	5.44 
410.75 	5.93 	5.39 	5.45 
411.00 	5.93 	5.46 	5.45 
411.25 	5.93 	5.49 	5.43 
411.50 	5.92 	5.28 	5.42 
411.75 	5.90 	5.45 	5.42 
412.00 	5.90 	5.60 	5.41 
412.25 	5.90 	5.33 	5.41 
412.50 	5.89 	5.31 	5.40 
412.75 	5.89 	5.50 	5.40 
413.00 	5.88 	5.40 	5.40 
413.25 	5.86 	5.65 	5.39 
413.50 	5.87 	5.52 	5.38 
413.75 	5.86 	5.30 	5.39 
414.00 	5.86 	5.36 	5.38 
414.25 	5.86 	5.31 	5.39 
414.50 	5.85 	5.49 	5.38 
414.75 	5.84 	5.61 	5.38 
415.00 	5.83 	5.38 	5.38 
415.25 	5.83 	5.20 	5.37 
415.50 	5.82 	5.42 	5.37 
415.75 	5.82 	5.32 	5.36 
416.00 	5.81 	5.34 	5.36 
416.25 	5.81 	5.22 	5.35 
416.50 	5.80 	5.20 	5.35 
416.75 	5.80 	5.34 	5.34 
417.00 	5.79 	5.28 	5.33 
417.25 	5.78 	5.20 	5.33 
417.50 	5.77 	5.33 	5.33 
417.75 	5.77 	5.13 	5.32 
418.00 	5.77 	5.26 	5.32 
418.25 	5.75 	5.17 	5.31 
418.50 	5.75 	5.57 	5.30 
418.75 	5.75 	5.48 	5.30 
419.00 	5.74 	5.53 	5.29 
419.25 	5.74 	5.21 	5.28 
419.50 	5.74 	5.34 	5.27 
419.75 	5.72 	5.55 	5.27 
420.00 	5.72 	5.11 	5.26 
420.25 	5.72 	5.26 	5.27 
420.50 	5.70 	5.11 	5.27 
420.75 	5.71 	5.56 	5.26 
421.00 	5.70 	5.12 	5.26 
421.25 	5.69 	5.20 	5.26 
421.50 	5.68 	5.18 	5.25 
421.75 	5.68 	5.24 	5.25 
422.00 	5.68 	5.22 	5.25 
422.25 	5.69 	5.08 	5.24 
422.50 	5.67 	5.43 	5.24 
422.75 	5.67 	5.15 	5.24 
423.00 	5.65 	5.32 	5.24 
423.25 	5.65 	5.32 	5.23 
423.50 	5.65 	5.10 	5.22 
423.75 	5.64 	5.10 	5.22 
424.00 	5.63 	5.04 	5.20 
424.25 	5.62 	4.99 	5.20 
424.50 	5.63 	5.46 	5.19 
424.75 	5.62 	5.20 	5.17 
425.00 	5.61 	5.47 	5.17 
425.25 	5.61 	5.26 	5.17 
425.50 	5.60 	5.14 	5.17 
425.75 	5.59 	5.25 	5.16 
426.00 	5.59 	5.16 	5.15 
426.25 	5.59 	5.05 	5.15 
426.50 	5.58 	5.02 	5.15 
426.75 	5.57 	5.37 	5.15 
427.00 	5.57 	5.00 	5.14 
427.25 	5.56 	5.14 	5.14 
427.50 	5.56 	5.23 	5.12 
427.75 	5.55 	5.07 	5.12 
428.00 	5.54 	4.99 	5.12 
428.25 	5.54 	5.21 	5.12 
428.50 	5.53 	5.26 	5.11 
428.75 	5.52 	5.03 	5.11 
429.00 	5.52 	4.98 	5.12 
429.25 	5.51 	4.98 	5.12 
429.50 	5.51 	5.00 	5.12 
429.75 	5.50 	4.97 	5.12 
430.00 	5.50 	5.07 	5.10 
430.25 	5.49 	5.32 	5.10 
430.50 	5.48 	5.00 	5.09 
430.75 	5.48 	4.96 	5.08 
431.00 	5.47 	5.03 	5.08 
431.25 	5.46 	5.21 	5.08 
431.50 	5.46 	5.17 	5.08 
431.75 	5.45 	4.95 	5.07 
432.00 	5.46 	4.92 	5.07 
432.25 	5.45 	5.00 	5.06 
432.50 	5.44 	5.07 	5.06 
432.75 	5.43 	5.04 	5.06 
433.00 	5.42 	5.33 	5.05 
433.25 	5.42 	4.92 	5.04 
433.50 	5.42 	5.06 	5.04 
433.75 	5.41 	5.29 	5.03 
434.00 	5.41 	5.33 	5.03 
434.25 	5.40 	5.20 	5.03 
434.50 	5.39 	5.20 	5.03 
434.75 	5.39 	4.90 	5.03 
435.00 	5.38 	4.95 	5.03 
435.25 	5.38 	4.97 	5.02 
435.50 	5.37 	4.97 	5.02 
435.75 	5.37 	5.10 	5.02 
436.00 	5.36 	4.85 	5.01 
436.25 	5.35 	5.14 	5.00 
436.50 	5.35 	4.87 	4.99 
436.75 	5.34 	4.96 	4.99 
437.00 	5.33 	4.96 	4.99 
437.25 	5.33 	5.19 	4.99 
437.50 	5.31 	4.84 	5.00 
437.75 	5.32 	4.92 	5.00 
438.00 	5.32 	4.82 	4.99 
438.25 	5.31 	4.98 	4.98 
438.50 	5.30 	4.96 	4.98 
438.75 	5.29 	4.88 	4.97 
439.00 	5.29 	4.82 	4.97 
439.25 	5.29 	5.11 	4.95 
439.50 	5.28 	5.03 	4.95 
439.75 	5.27 	4.86 	4.95 
440.00 	5.26 	4.94 	4.95 
440.25 	5.25 	4.94 	4.95 
440.50 	5.25 	5.03 	4.95 
440.75 	5.25 	4.82 	4.94 
441.00 	5.24 	4.74 	4.94 
441.25 	5.24 	4.78 	4.93 
441.50 	5.23 	5.07 	4.93 
441.75 	5.22 	4.83 	4.92 
442.00 	5.22 	5.17 	4.92 
442.25 	5.21 	5.16 	4.92 
442.50 	5.21 	5.03 	4.92 
442.75 	5.18 	5.01 	4.91 
443.00 	5.20 	4.78 	4.91 
443.25 	5.19 	4.90 	4.90 
443.50 	5.18 	4.88 	4.90 
443.75 	5.18 	5.15 	4.90 
444.00 	5.17 	4.75 	4.90 
444.25 	5.16 	4.96 	4.89 
444.50 	5.16 	4.98 	4.88 
444.75 	5.16 	4.99 	4.88 
445.00 	5.15 	5.05 	4.88 
445.25 	5.14 	4.78 	4.88 
445.50 	5.14 	4.82 	4.88 
445.75 	5.13 	4.77 	4.87 
446.00 	5.13 	4.75 	4.87 
446.25 	5.11 	4.83 	4.87 
446.50 	5.11 	4.79 	4.86 
446.75 	5.11 	4.85 	4.86 
447.00 	5.10 	4.99 	4.84 
447.25 	5.10 	4.99 	4.83 
447.50 	5.09 	4.69 	4.82 
447.75 	5.08 	4.71 	4.81 
448.00 	5.07 	4.73 	4.81 
448.25 	5.07 	4.67 	4.80 
448.50 	5.07 	4.88 	4.79 
448.75 	5.07 	4.89 	4.78 
449.00 	5.05 	4.71 	4.78 
449.25 	5.04 	4.68 	4.78 
449.50 	5.05 	4.85 	4.77 
449.75 	5.04 	4.98 	4.77 
450.00 	5.04 	4.98 	4.75 
450.25 	5.04 	4.81 	4.76 
450.50 	5.03 	4.63 	4.75 
450.75 	5.01 	4.68 	4.75 
451.00 	5.01 	4.65 	4.75 
451.25 	5.01 	4.71 	4.75 
451.50 	5.00 	4.76 	4.74 
451.75 	4.99 	4.67 	4.73 
452.00 	4.99 	4.69 	4.72 
452.25 	4.98 	4.63 	4.71 
452.50 	4.97 	4.72 	4.71 
452.75 	4.97 	4.61 	4.71 
453.00 	4.97 	4.60 	4.71 
453.25 	4.96 	4.57 	4.71 
453.50 	4.95 	4.80 	4.70 
453.75 	4.94 	4.61 	4.70 
454.00 	4.94 	4.83 	4.70 
454.25 	4.94 	4.73 	4.71 
454.50 	4.92 	4.80 	4.70 
454.75 	4.91 	4.64 	4.70 
455.00 	4.91 	4.81 	4.69 
455.25 	4.90 	4.64 	4.68 
455.50 	4.90 	4.76 	4.68 
455.75 	4.90 	4.86 	4.68 
456.00 	4.88 	4.56 	4.68 
456.25 	4.88 	4.54 	4.68 
456.50 	4.88 	4.56 	4.67 
456.75 	4.88 	4.58 	4.67 
457.00 	4.86 	4.67 	4.66 
457.25 	4.86 	4.53 	4.67 
457.50 	4.86 	4.71 	4.67 
457.75 	4.85 	4.82 	4.67 
458.00 	4.85 	4.56 	4.68 
458.25 	4.83 	4.59 	4.68 
458.50 	4.83 	4.80 	4.67 
458.75 	4.83 	4.89 	4.67 
459.00 	4.83 	4.74 	4.66 
459.25 	4.82 	4.72 	4.66 
459.50 	4.82 	4.85 	4.65 
459.75 	4.81 	4.75 	4.64 
460.00 	4.80 	4.48 	4.64 
460.25 	4.80 	4.60 	4.64 
460.50 	4.79 	4.55 	4.63 
460.75 	4.78 	4.76 	4.62 
461.00 	4.79 	4.44 	4.62 
461.25 	4.77 	4.48 	4.62 
461.50 	4.77 	4.55 	4.62 
461.75 	4.77 	4.59 	4.62 
462.00 	4.75 	4.80 	4.62 
462.25 	4.75 	4.79 	4.62 
462.50 	4.75 	4.73 	4.61 
462.75 	4.74 	4.68 	4.61 
463.00 	4.74 	4.74 	4.61 
463.25 	4.73 	4.60 	4.61 
463.50 	4.72 	4.53 	4.60 
463.75 	4.72 	4.46 	4.59 
464.00 	4.70 	4.50 	4.59 
464.25 	4.71 	4.43 	4.59 
464.50 	4.70 	4.38 	4.58 
464.75 	4.69 	4.75 	4.58 
465.00 	4.69 	4.46 	4.58 
465.25 	4.69 	4.41 	4.57 
465.50 	4.68 	4.79 	4.57 
465.75 	4.68 	4.48 	4.56 
466.00 	4.66 	4.49 	4.56 
466.25 	4.66 	4.45 	4.57 
466.50 	4.66 	4.74 	4.57 
466.75 	4.65 	4.65 	4.56 
467.00 	4.65 	4.39 	4.55 
467.25 	4.65 	4.54 	4.54 
467.50 	4.64 	4.67 	4.53 
467.75 	4.63 	4.70 	4.53 
468.00 	4.63 	4.56 	4.52 
468.25 	4.62 	4.40 	4.52 
468.50 	4.61 	4.44 	4.51 
468.75 	4.61 	4.63 	4.51 
469.00 	4.61 	4.67 	4.51 
469.25 	4.59 	4.66 	4.51 
469.50 	4.58 	4.50 	4.51 
469.75 	4.58 	4.55 	4.50 
470.00 	4.58 	4.44 	4.49 
470.25 	4.58 	4.33 	4.49 
470.50 	4.58 	4.53 	4.48 
470.75 	4.56 	4.42 	4.48 
471.00 	4.56 	4.66 	4.48 
471.25 	4.54 	4.63 	4.48 
471.50 	4.55 	4.31 	4.47 
471.75 	4.54 	4.40 	4.46 
472.00 	4.54 	4.32 	4.46 
472.25 	4.53 	4.48 	4.46 
472.50 	4.53 	4.50 	4.45 
472.75 	4.53 	4.36 	4.44 
473.00 	4.52 	4.62 	4.43 
473.25 	4.50 	4.31 	4.43 
473.50 	4.51 	4.52 	4.43 
473.75 	4.50 	4.29 	4.42 
474.00 	4.50 	4.40 	4.41 
474.25 	4.48 	4.44 	4.40 
474.50 	4.48 	4.39 	4.40 
474.75 	4.48 	4.24 	4.40 
475.00 	4.47 	4.37 	4.40 
475.25 	4.47 	4.32 	4.39 
475.50 	4.45 	4.34 	4.39 
475.75 	4.46 	4.54 	4.39 
476.00 	4.45 	4.43 	4.38 
476.25 	4.43 	4.36 	4.37 
476.50 	4.43 	4.23 	4.37 
476.75 	4.43 	4.50 	4.36 
477.00 	4.43 	4.44 	4.36 
477.25 	4.42 	4.21 	4.36 
477.50 	4.41 	4.29 	4.35 
477.75 	4.40 	4.29 	4.35 
478.00 	4.41 	4.33 	4.33 
478.25 	4.39 	4.52 	4.34 
478.50 	4.39 	4.34 	4.33 
478.75 	4.39 	4.22 	4.33 
479.00 	4.37 	4.37 	4.33 
479.25 	4.37 	4.56 	4.32 
479.50 	4.37 	4.44 	4.32 
479.75 	4.37 	4.23 	4.31 
480.00 	4.35 	4.20 	4.31 
480.25 	4.35 	4.28 	4.31 
480.50 	4.35 	4.45 	4.31 
480.75 	4.33 	4.34 	4.30 
481.00 	4.33 	4.31 	4.29 
481.25 	4.33 	4.24 	4.29 
481.50 	4.32 	4.14 	4.29 
481.75 	4.32 	4.21 	4.28 
482.00 	4.31 	4.44 	4.28 
482.25 	4.30 	4.19 	4.28 
482.50 	4.30 	4.19 	4.28 
482.75 	4.29 	4.16 	4.28 
483.00 	4.29 	4.41 	4.27 
483.25 	4.28 	4.43 	4.26 
483.50 	4.28 	4.24 	4.26 
483.75 	4.28 	4.17 	4.26 
484.00 	4.26 	4.22 	4.25 
484.25 	4.26 	4.17 	4.24 
484.50 	4.26 	4.13 	4.24 
484.75 	4.25 	4.15 	4.24 
485.00 	4.25 	4.23 	4.24 
485.25 	4.24 	4.43 	4.23 
485.50 	4.24 	4.27 	4.23 
485.75 	4.23 	4.11 	4.23 
486.00 	4.23 	4.18 	4.22 
486.25 	4.22 	4.11 	4.22 
486.50 	4.22 	4.24 	4.22 
486.75 	4.21 	4.43 	4.22 
487.00 	4.20 	4.16 	4.21 
487.25 	4.20 	4.30 	4.21 
487.50 	4.20 	4.24 	4.21 
487.75 	4.19 	4.13 	4.22 
488.00 	4.18 	4.12 	4.21 
488.25 	4.18 	4.41 	4.21 
488.50 	4.18 	4.11 	4.21 
488.75 	4.17 	4.13 	4.21 
489.00 	4.16 	4.05 	4.21 
489.25 	4.16 	4.36 	4.21 
489.50 	4.16 	4.17 	4.21 
489.75 	4.15 	4.31 	4.21 
490.00 	4.15 	4.10 	4.21 
490.25 	4.13 	4.17 	4.21 
490.50 	4.13 	4.33 	4.21 
490.75 	4.13 	4.04 	4.21 
491.00 	4.12 	4.25 	4.20 
491.25 	4.12 	4.24 	4.20 
491.50 	4.11 	4.07 	4.20 
491.75 	4.10 	4.01 	4.19 
492.00 	4.10 	4.34 	4.19 
492.25 	4.10 	4.27 	4.19 
492.50 	4.09 	4.31 	4.18 
492.75 	4.09 	4.07 	4.18 
493.00 	4.08 	4.36 	4.18 
493.25 	4.08 	4.28 	4.16 
493.50 	4.07 	4.33 	4.16 
493.75 	4.07 	4.06 	4.16 
494.00 	4.06 	4.30 	4.16 
494.25 	4.05 	4.23 	4.15 
494.50 	4.04 	4.04 	4.14 
494.75 	4.05 	4.31 	4.14 
495.00 	4.04 	4.23 	4.14 
495.25 	4.04 	4.16 	4.14 
495.50 	4.03 	4.25 	4.13 
495.75 	4.03 	4.02 	4.13 
496.00 	4.02 	3.95 	4.12 
496.25 	4.01 	4.31 	4.12 
496.50 	4.01 	3.99 	4.11 
496.75 	4.00 	3.99 	4.12 
497.00 	4.00 	4.27 	4.11 
497.25 	4.00 	4.15 	4.10 
497.50 	3.99 	3.99 	4.09 
497.75 	3.99 	3.97 	4.09 
498.00 	3.98 	3.93 	4.08 
498.25 	3.98 	3.96 	4.07 
498.50 	3.97 	4.03 	4.06 
498.75 	3.97 	3.97 	4.06 
499.00 	3.96 	4.08 	4.05 
499.25 	3.96 	3.90 	4.04 
499.50 	3.95 	4.26 	4.04 
499.75 	3.95 	4.09 	4.04 
500.00 	3.94 	4.03 	4.03 
500.25 	3.93 	4.03 	4.02 
500.50 	3.93 	4.09 	4.01 
500.75 	3.93 	3.94 	4.01 
501.00 	3.92 	3.99 	4.01 
501.25 	3.92 	3.90 	4.01 
501.50 	3.91 	4.18 	4.01 
501.75 	3.91 	4.08 	4.01 
502.00 	3.90 	3.87 	4.00 
502.25 	3.90 	3.96 	4.00 
502.50 	3.89 	3.87 	4.00 
502.75 	3.89 	4.00 	3.99 
503.00 	3.88 	4.19 	3.99 
503.25 	3.87 	3.88 	3.99 
503.50 	3.87 	3.97 	3.99 
503.75 	3.86 	3.85 	3.99 
504.00 	3.86 	4.06 	3.98 
504.25 	3.86 	3.97 	3.98 
504.50 	3.85 	4.17 	3.97 
504.75 	3.85 	3.91 	3.96 
505.00 	3.84 	3.89 	3.96 
505.25 	3.84 	3.86 	3.96 
505.50 	3.83 	4.00 	3.96 
505.75 	3.83 	3.89 	3.96 
506.00 	3.83 	4.15 	3.95 
506.25 	3.82 	4.18 	3.95 
506.50 	3.81 	3.84 	3.94 
506.75 	3.81 	4.11 	3.93 
507.00 	3.81 	3.97 	3.93 
507.25 	3.80 	3.88 	3.93 
507.50 	3.80 	3.89 	3.94 
507.75 	3.79 	3.84 	3.93 
508.00 	3.79 	3.93 	3.92 
508.25 	3.78 	3.94 	3.93 
508.50 	3.77 	3.81 	3.92 
508.75 	3.77 	3.82 	3.92 
509.00 	3.77 	3.81 	3.92 
509.25 	3.76 	3.95 	3.91 
509.50 	3.76 	3.84 	3.90 
509.75 	3.76 	3.97 	3.90 
510.00 	3.75 	3.92 	3.89 
510.25 	3.75 	4.04 	3.89 
510.50 	3.74 	3.88 	3.89 
510.75 	3.74 	3.96 	3.88 
511.00 	3.73 	3.79 	3.88 
511.25 	3.72 	3.78 	3.87 
511.50 	3.72 	3.80 	3.87 
511.75 	3.72 	3.87 	3.87 
512.00 	3.71 	3.82 	3.86 
512.25 	3.71 	4.05 	3.86 
512.50 	3.71 	3.73 	3.86 
512.75 	3.70 	3.98 	3.86 
513.00 	3.70 	3.96 	3.85 
513.25 	3.69 	3.76 	3.85 
513.50 	3.69 	3.86 	3.85 
513.75 	3.69 	3.91 	3.85 
514.00 	3.68 	3.80 	3.85 
514.25 	3.67 	3.72 	3.85 
514.50 	3.67 	3.77 	3.85 
514.75 	3.67 	3.76 	3.84 
515.00 	3.66 	3.75 	3.83 
515.25 	3.65 	3.89 	3.83 
515.50 	3.65 	3.76 	3.82 
515.75 	3.65 	4.02 	3.81 
516.00 	3.64 	3.77 	3.81 
516.25 	3.63 	3.80 	3.81 
516.50 	3.64 	3.98 	3.81 
516.75 	3.63 	3.68 	3.81 
517.00 	3.63 	4.02 	3.80 
517.25 	3.62 	3.84 	3.80 
517.50 	3.62 	3.74 	3.79 
517.75 	3.61 	3.72 	3.79 
518.00 	3.61 	3.82 	3.79 
518.25 	3.60 	3.95 	3.78 
518.50 	3.60 	3.71 	3.78 
518.75 	3.59 	3.77 	3.77 
519.00 	3.59 	3.84 	3.77 
519.25 	3.59 	3.79 	3.78 
519.50 	3.58 	3.76 	3.78 
519.75 	3.58 	3.64 	3.77 
520.00 	3.58 	3.77 	3.77 
520.25 	3.57 	3.61 	3.77 
520.50 	3.56 	3.61 	3.77 
520.75 	3.56 	3.75 	3.77 
521.00 	3.56 	3.75 	3.77 
521.25 	3.55 	3.94 	3.77 
521.50 	3.55 	3.80 	3.76 
521.75 	3.54 	3.58 	3.76 
522.00 	3.54 	3.76 	3.76 
522.25 	3.54 	3.66 	3.76 
522.50 	3.53 	3.88 	3.76 
522.75 	3.53 	3.82 	3.76 
523.00 	3.53 	3.65 	3.76 
523.25 	3.52 	3.66 	3.75 
523.50 	3.51 	3.65 	3.75 
523.75 	3.51 	3.86 	3.75 
524.00 	3.51 	3.89 	3.75 
524.25 	3.50 	3.64 	3.74 
524.50 	3.50 	3.68 	3.74 
524.75 	3.49 	3.75 	3.74 
525.00 	3.49 	3.86 	3.73 
525.25 	3.48 	3.73 	3.73 
525.50 	3.48 	3.80 	3.74 
525.75 	3.48 	3.88 	3.73 
526.00 	3.47 	3.68 	3.73 
526.25 	3.47 	3.73 	3.73 
526.50 	3.47 	3.84 	3.73 
526.75 	3.46 	3.74 	3.73 
527.00 	3.46 	3.85 	3.72 
527.25 	3.45 	3.76 	3.72 
527.50 	3.45 	3.63 	3.71 
527.75 	3.44 	3.85 	3.71 
528.00 	3.44 	3.58 	3.71 
528.25 	3.44 	3.85 	3.70 
528.50 	3.43 	3.67 	3.70 
528.75 	3.43 	3.78 	3.69 
529.00 	3.42 	3.56 	3.68 
529.25 	3.42 	3.64 	3.68 
529.50 	3.42 	3.72 	3.67 
529.75 	3.41 	3.56 	3.67 
530.00 	3.41 	3.62 	3.66 
530.25 	3.40 	3.67 	3.66 
530.50 	3.40 	3.60 	3.65 
530.75 	3.40 	3.71 	3.64 
531.00 	3.39 	3.76 	3.64 
531.25 	3.39 	3.80 	3.63 
531.50 	3.38 	3.68 	3.62 
531.75 	3.38 	3.55 	3.62 
532.00 	3.37 	3.54 	3.61 
532.25 	3.37 	3.54 	3.61 
532.50 	3.36 	3.54 	3.60 
532.75 	3.36 	3.66 	3.59 
533.00 	3.36 	3.55 	3.59 
533.25 	3.36 	3.55 	3.59 
533.50 	3.35 	3.56 	3.58 
533.75 	3.35 	3.51 	3.57 
534.00 	3.34 	3.52 	3.57 
534.25 	3.34 	3.48 	3.57 
534.50 	3.33 	3.60 	3.57 
534.75 	3.33 	3.50 	3.56 
535.00 	3.32 	3.56 	3.56 
535.25 	3.32 	3.51 	3.56 
535.50 	3.32 	3.51 	3.55 
535.75 	3.32 	3.51 	3.55 
536.00 	3.31 	3.49 	3.54 
536.25 	3.30 	3.50 	3.53 
536.50 	3.30 	3.60 	3.53 
536.75 	3.30 	3.59 	3.53 
537.00 	3.29 	3.58 	3.53 
537.25 	3.29 	3.44 	3.53 
537.50 	3.29 	3.52 	3.53 
537.75 	3.28 	3.64 	3.52 
538.00 	3.28 	3.59 	3.52 
538.25 	3.27 	3.46 	3.51 
538.50 	3.27 	3.47 	3.51 
538.75 	3.26 	3.49 	3.51 
539.00 	3.26 	3.47 	3.51 
539.25 	3.26 	3.70 	3.51 
539.50 	3.25 	3.39 	3.51 
539.75 	3.25 	3.53 	3.51 
540.00 	3.25 	3.45 	3.51 
540.25 	3.24 	3.57 	3.50 
540.50 	3.24 	3.48 	3.50 
540.75 	3.23 	3.47 	3.50 
541.00 	3.23 	3.54 	3.50 
541.25 	3.23 	3.44 	3.50 
541.50 	3.22 	3.67 	3.50 
541.75 	3.22 	3.44 	3.49 
542.00 	3.22 	3.40 	3.49 
542.25 	3.22 	3.56 	3.48 
542.50 	3.21 	3.42 	3.48 
542.75 	3.20 	3.45 	3.47 
543.00 	3.20 	3.40 	3.47 
543.25 	3.19 	3.39 	3.47 
543.50 	3.19 	3.56 	3.46 
543.75 	3.19 	3.50 	3.46 
544.00 	3.18 	3.60 	3.46 
544.25 	3.18 	3.52 	3.45 
544.50 	3.17 	3.61 	3.45 
544.75 	3.17 	3.34 	3.45 
545.00 	3.16 	3.37 	3.44 
545.25 	3.16 	3.41 	3.44 
545.50 	3.16 	3.45 	3.44 
545.75 	3.15 	3.58 	3.44 
546.00 	3.15 	3.55 	3.43 
546.25 	3.15 	3.37 	3.43 
546.50 	3.14 	3.36 	3.42 
546.75 	3.14 	3.38 	3.42 
547.00 	3.14 	3.38 	3.42 
547.25 	3.13 	3.37 	3.41 
547.50 	3.12 	3.35 	3.41 
547.75 	3.12 	3.37 	3.41 
548.00 	3.12 	3.40 	3.41 
548.25 	3.11 	3.42 	3.40 
548.50 	3.11 	3.33 	3.40 
548.75 	3.10 	3.58 	3.40 
549.00 	3.10 	3.31 	3.39 
549.25 	3.10 	3.29 	3.38 
549.50 	3.09 	3.32 	3.38 
549.75 	3.09 	3.30 	3.37 
550.00 	3.09 	3.56 	3.38 
550.25 	3.08 	3.42 	3.38 
550.50 	3.08 	3.37 	3.37 
550.75 	3.08 	3.30 	3.37 
551.00 	3.07 	3.31 	3.36 
551.25 	3.06 	3.54 	3.36 
551.50 	3.06 	3.28 	3.36 
551.75 	3.06 	3.27 	3.36 
552.00 	3.06 	3.38 	3.35 
552.25 	3.05 	3.50 	3.35 
552.50 	3.05 	3.29 	3.35 
552.75 	3.04 	3.26 	3.35 
553.00 	3.04 	3.29 	3.35 
553.25 	3.04 	3.34 	3.34 
553.50 	3.03 	3.39 	3.34 
553.75 	3.03 	3.25 	3.34 
554.00 	3.03 	3.24 	3.34 
554.25 	3.02 	3.44 	3.34 
554.50 	3.02 	3.29 	3.34 
554.75 	3.01 	3.49 	3.33 
555.00 	3.01 	3.49 	3.33 
555.25 	3.01 	3.26 	3.32 
555.50 	3.01 	3.30 	3.32 
555.75 	3.00 	3.23 	3.32 
556.00 	3.00 	3.25 	3.31 
556.25 	2.99 	3.47 	3.31 
556.50 	2.99 	3.33 	3.31 
556.75 	2.98 	3.23 	3.30 
557.00 	2.98 	3.24 	3.30 
557.25 	2.98 	3.15 	3.30 
557.50 	2.97 	3.43 	3.30 
557.75 	2.97 	3.36 	3.29 
558.00 	2.97 	3.37 	3.29 
558.25 	2.96 	3.26 	3.29 
558.50 	2.96 	3.41 	3.29 
558.75 	2.96 	3.38 	3.29 
559.00 	2.95 	3.28 	3.29 
559.25 	2.95 	3.21 	3.28 
559.50 	2.95 	3.19 	3.28 
559.75 	2.94 	3.20 	3.27 
560.00 	2.94 	3.20 	3.27 
560.25 	2.94 	3.23 	3.27 
560.50 	2.93 	3.27 	3.26 
560.75 	2.93 	3.23 	3.26 
561.00 	2.93 	3.29 	3.26 
561.25 	2.92 	3.27 	3.26 
561.50 	2.92 	3.19 	3.25 
561.75 	2.92 	3.30 	3.25 
562.00 	2.91 	3.41 	3.25 
562.25 	2.91 	3.16 	3.25 
562.50 	2.90 	3.15 	3.24 
562.75 	2.90 	3.24 	3.23 
563.00 	2.90 	3.36 	3.23 
563.25 	2.89 	3.24 	3.23 
563.50 	2.89 	3.38 	3.22 
563.75 	2.89 	3.26 	3.21 
564.00 	2.88 	3.10 	3.21 
564.25 	2.88 	3.13 	3.22 
564.50 	2.88 	3.28 	3.21 
564.75 	2.87 	3.34 	3.21 
565.00 	2.87 	3.12 	3.21 
565.25 	2.87 	3.13 	3.21 
565.50 	2.86 	3.22 	3.20 
565.75 	2.86 	3.34 	3.20 
566.00 	2.86 	3.25 	3.20 
566.25 	2.85 	3.07 	3.19 
566.50 	2.85 	3.09 	3.19 
566.75 	2.84 	3.19 	3.18 
567.00 	2.84 	3.10 	3.17 
567.25 	2.84 	3.06 	3.17 
567.50 	2.83 	3.05 	3.17 
567.75 	2.83 	3.24 	3.16 
568.00 	2.83 	3.31 	3.15 
568.25 	2.83 	3.17 	3.15 
568.50 	2.82 	3.08 	3.14 
568.75 	2.82 	3.29 	3.14 
569.00 	2.82 	3.31 	3.14 
569.25 	2.81 	3.05 	3.13 
569.50 	2.81 	3.08 	3.13 
569.75 	2.80 	3.27 	3.12 
570.00 	2.80 	3.10 	3.12 
570.25 	2.80 	3.15 	3.11 
570.50 	2.79 	3.07 	3.11 
570.75 	2.79 	3.13 	3.10 
571.00 	2.79 	3.17 	3.10 
571.25 	2.79 	3.04 	3.10 
571.50 	2.78 	3.03 	3.10 
571.75 	2.78 	2.99 	3.09 
572.00 	2.77 	3.05 	3.09 
572.25 	2.77 	3.13 	3.10 
572.50 	2.77 	3.01 	3.10 
572.75 	2.76 	3.01 	3.09 
573.00 	2.76 	3.05 	3.09 
573.25 	2.76 	3.05 	3.08 
573.50 	2.76 	3.11 	3.08 
573.75 	2.75 	3.07 	3.07 
574.00 	2.75 	2.96 	3.07 
574.25 	2.74 	3.14 	3.06 
574.50 	2.74 	2.99 	3.06 
574.75 	2.74 	3.08 	3.06 
575.00 	2.73 	2.99 	3.06 
575.25 	2.73 	2.99 	3.05 
575.50 	2.73 	3.11 	3.04 
575.75 	2.72 	3.05 	3.04 
576.00 	2.72 	3.21 	3.04 
576.25 	2.72 	2.94 	3.04 
576.50 	2.71 	2.94 	3.03 
576.75 	2.71 	3.17 	3.03 
577.00 	2.71 	3.20 	3.03 
577.25 	2.70 	3.19 	3.02 
577.50 	2.70 	2.95 	3.02 
577.75 	2.70 	3.16 	3.02 
578.00 	2.69 	2.92 	3.02 
578.25 	2.69 	2.94 	3.02 
578.50 	2.69 	2.92 	3.01 
578.75 	2.68 	3.18 	3.01 
579.00 	2.68 	3.01 	3.01 
579.25 	2.68 	2.94 	3.01 
579.50 	2.68 	3.17 	3.00 
579.75 	2.67 	3.00 	3.00 
580.00 	2.67 	2.89 	3.00 
580.25 	2.67 	2.92 	3.00 
580.50 	2.66 	2.97 	3.00 
580.75 	2.66 	3.00 	3.00 
581.00 	2.66 	2.99 	2.99 
581.25 	2.65 	2.93 	2.99 
581.50 	2.65 	2.88 	2.99 
581.75 	2.65 	2.99 	2.98 
582.00 	2.64 	2.96 	2.97 
582.25 	2.64 	2.89 	2.96 
582.50 	2.64 	3.08 	2.96 
582.75 	2.63 	2.91 	2.95 
583.00 	2.63 	3.07 	2.95 
583.25 	2.63 	2.89 	2.95 
583.50 	2.62 	3.04 	2.95 
583.75 	2.62 	2.96 	2.94 
584.00 	2.62 	2.84 	2.94 
584.25 	2.62 	2.95 	2.94 
584.50 	2.61 	3.08 	2.93 
584.75 	2.61 	2.87 	2.93 
585.00 	2.60 	2.87 	2.93 
585.25 	2.60 	3.05 	2.93 
585.50 	2.60 	3.06 	2.92 
585.75 	2.59 	2.84 	2.92 
586.00 	2.59 	2.93 	2.91 
586.25 	2.59 	2.85 	2.91 
586.50 	2.58 	2.85 	2.91 
586.75 	2.58 	2.86 	2.91 
587.00 	2.58 	3.04 	2.91 
587.25 	2.58 	2.90 	2.91 
587.50 	2.58 	2.82 	2.90 
587.75 	2.57 	2.86 	2.90 
588.00 	2.57 	2.92 	2.90 
588.25 	2.57 	2.82 	2.90 
588.50 	2.56 	2.99 	2.89 
588.75 	2.56 	2.80 	2.89 
589.00 	2.56 	2.89 	2.88 
589.25 	2.56 	3.03 	2.88 
589.50 	2.55 	2.80 	2.87 
589.75 	2.55 	2.93 	2.87 
590.00 	2.55 	2.77 	2.87 
590.25 	2.54 	2.84 	2.86 
590.50 	2.54 	2.82 	2.85 
590.75 	2.54 	2.78 	2.85 
591.00 	2.54 	2.80 	2.84 
591.25 	2.53 	2.80 	2.84 
591.50 	2.53 	2.96 	2.84 
591.75 	2.52 	2.98 	2.84 
592.00 	2.52 	2.81 	2.83 
592.25 	2.52 	2.82 	2.83 
592.50 	2.51 	2.97 	2.83 
592.75 	2.51 	2.93 	2.83 
593.00 	2.51 	2.90 	2.82 
593.25 	2.51 	2.82 	2.82 
593.50 	2.51 	2.74 	2.82 
593.75 	2.50 	2.73 	2.81 
594.00 	2.50 	2.76 	2.81 
594.25 	2.49 	2.82 	2.80 
594.50 	2.49 	2.81 	2.80 
594.75 	2.49 	2.73 	2.79 
595.00 	2.49 	2.73 	2.79 
595.25 	2.48 	2.73 	2.79 
595.50 	2.48 	2.79 	2.78 
595.75 	2.48 	2.72 	2.78 
596.00 	2.47 	2.87 	2.78 
596.25 	2.47 	2.76 	2.78 
596.50 	2.47 	2.75 	2.77 
596.75 	2.46 	2.79 	2.76 
597.00 	2.46 	2.78 	2.76 
597.25 	2.46 	2.81 	2.76 
597.50 	2.46 	2.88 	2.75 
597.75 	2.46 	2.69 	2.74 
598.00 	2.45 	2.75 	2.74 
598.25 	2.45 	2.76 	2.73 
598.50 	2.45 	2.67 	2.73 
598.75 	2.44 	2.85 	2.73 
599.00 	2.44 	2.67 	2.73 
599.25 	2.44 	2.73 	2.72 
599.50 	2.43 	2.70 	2.72 
599.75 	2.43 	2.65 	2.72 
600.00 	2.43 	2.68 	2.72 
600.25 	2.42 	2.68 	2.72 
600.50 	2.42 	2.74 	2.72 
600.75 	2.42 	2.70 	2.71 
601.00 	2.41 	2.83 	2.71 
601.25 	2.41 	2.58 	2.71 
601.50 	2.41 	2.63 	2.70 
601.75 	2.41 	2.81 	2.70 
602.00 	2.40 	2.63 	2.70 
602.25 	2.40 	2.80 	2.69 
602.50 	2.40 	2.55 	2.69 
602.75 	2.40 	2.62 	2.68 
603.00 	2.39 	2.68 	2.68 
603.25 	2.39 	2.63 	2.67 
603.50 	2.39 	2.77 	2.67 
603.75 	2.39 	2.77 	2.67 
604.00 	2.38 	2.56 	2.67 
604.25 	2.38 	2.66 	2.66 
604.50 	2.38 	2.79 	2.66 
604.75 	2.37 	2.75 	2.65 
605.00 	2.37 	2.63 	2.65 
605.25 	2.37 	2.58 	2.65 
605.50 	2.37 	2.61 	2.65 
605.75 	2.36 	2.77 	2.65 
606.00 	2.36 	2.70 	2.64 
606.25 	2.36 	2.61 	2.64 
606.50 	2.36 	2.58 	2.64 
606.75 	2.35 	2.75 	2.63 
607.00 	2.35 	2.54 	2.63 
607.25 	2.35 	2.71 	2.62 
607.50 	2.35 	2.57 	2.63 
607.75 	2.34 	2.56 	2.63 
608.00 	2.34 	2.59 	2.62 
608.25 	2.34 	2.57 	2.62 
608.50 	2.33 	2.71 	2.61 
608.75 	2.33 	2.61 	2.61 
609.00 	2.33 	2.47 	2.61 
609.25 	2.33 	2.52 	2.60 
609.50 	2.32 	2.60 	2.59 
609.75 	2.32 	2.57 	2.58 
610.00 	2.32 	2.65 	2.58 
610.25 	2.32 	2.58 	2.57 
610.50 	2.32 	2.68 	2.57 
610.75 	2.31 	2.58 	2.56 
611.00 	2.31 	2.56 	2.56 
611.25 	2.31 	2.66 	2.55 
611.50 	2.30 	2.47 	2.55 
611.75 	2.30 	2.47 	2.54 
612.00 	2.30 	2.56 	2.54 
612.25 	2.30 	2.69 	2.54 
612.50 	2.29 	2.67 	2.53 
612.75 	2.29 	2.55 	2.53 
613.00 	2.29 	2.44 	2.53 
613.25 	2.28 	2.46 	2.53 
613.50 	2.28 	2.62 	2.52 
613.75 	2.28 	2.55 	2.52 
614.00 	2.28 	2.40 	2.52 
614.25 	2.27 	2.44 	2.52 
614.50 	2.27 	2.41 	2.52 
614.75 	2.27 	2.42 	2.52 
615.00 	2.26 	2.48 	2.51 
615.25 	2.26 	2.45 	2.50 
615.50 	2.26 	2.44 	2.50 
615.75 	2.26 	2.61 	2.49 
616.00 	2.26 	2.43 	2.49 
616.25 	2.25 	2.58 	2.48 
616.50 	2.25 	2.38 	2.48 
616.75 	2.25 	2.49 	2.48 
617.00 	2.25 	2.49 	2.47 
617.25 	2.24 	2.38 	2.46 
617.50 	2.24 	2.60 	2.46 
617.75 	2.24 	2.47 	2.45 
618.00 	2.23 	2.39 	2.45 
618.25 	2.23 	2.42 	2.45 
618.50 	2.23 	2.56 	2.44 
618.75 	2.23 	2.56 	2.43 
619.00 	2.22 	2.55 	2.43 
619.25 	2.22 	2.58 	2.43 
619.50 	2.22 	2.47 	2.43 
619.75 	2.22 	2.34 	2.43 
620.00 	2.21 	2.37 	2.42 
620.25 	2.21 	2.37 	2.42 
620.50 	2.21 	2.34 	2.41 
620.75 	2.20 	2.40 	2.41 
621.00 	2.20 	2.36 	2.41 
621.25 	2.20 	2.37 	2.40 
621.50 	2.19 	2.47 	2.40 
621.75 	2.19 	2.36 	2.40 
622.00 	2.19 	2.44 	2.39 
622.25 	2.19 	2.49 	2.39 
622.50 	2.19 	2.39 	2.38 
622.75 	2.18 	2.35 	2.38 
623.00 	2.18 	2.29 	2.38 
623.25 	2.18 	2.28 	2.37 
623.50 	2.18 	2.29 	2.36 
623.75 	2.17 	2.40 	2.35 
624.00 	2.17 	2.49 	2.35 
624.25 	2.17 	2.26 	2.34 
624.50 	2.16 	2.32 	2.33 
624.75 	2.16 	2.33 	2.33 
625.00 	2.16 	2.25 	2.33 
625.25 	2.16 	2.24 	2.32 
625.50 	2.15 	2.48 	2.32 
625.75 	2.15 	2.31 	2.32 
626.00 	2.15 	2.40 	2.32 
626.25 	2.15 	2.28 	2.31 
626.50 	2.14 	2.44 	2.31 
626.75 	2.14 	2.22 	2.30 
627.00 	2.14 	2.35 	2.30 
627.25 	2.14 	2.26 	2.29 
627.50 	2.13 	2.30 	2.29 
627.75 	2.13 	2.30 	2.29 
628.00 	2.13 	2.21 	2.29 
628.25 	2.13 	2.26 	2.28 
628.50 	2.12 	2.24 	2.28 
628.75 	2.12 	2.23 	2.28 
629.00 	2.12 	2.23 	2.27 
629.25 	2.12 	2.17 	2.26 
629.50 	2.12 	2.26 	2.26 
629.75 	2.11 	2.34 	2.26 
630.00 	2.11 	2.27 	2.26 
630.25 	2.11 	2.25 	2.26 
630.50 	2.10 	2.22 	2.25 
630.75 	2.10 	2.33 	2.25 
631.00 	2.10 	2.26 	2.25 
631.25 	2.10 	2.14 	2.24 
631.50 	2.09 	2.33 	2.24 
631.75 	2.09 	2.20 	2.23 
632.00 	2.09 	2.26 	2.23 
632.25 	2.09 	2.23 	2.22 
632.50 	2.08 	2.34 	2.22 
632.75 	2.08 	2.22 	2.22 
633.00 	2.08 	2.16 	2.22 
633.25 	2.08 	2.12 	2.21 
633.50 	2.08 	2.32 	2.21 
633.75 	2.07 	2.13 	2.21 
634.00 	2.07 	2.14 	2.21 
634.25 	2.07 	2.19 	2.22 
634.50 	2.07 	2.35 	2.21 
634.75 	2.06 	2.17 	2.20 
635.00 	2.06 	2.18 	2.20 
635.25 	2.06 	2.21 	2.20 
635.50 	2.05 	2.31 	2.20 
635.75 	2.05 	2.16 	2.19 
636.00 	2.05 	2.13 	2.19 
636.25 	2.05 	2.23 	2.18 
636.50 	2.05 	2.18 	2.18 
636.75 	2.04 	2.08 	2.17 
637.00 	2.04 	2.14 	2.17 
637.25 	2.04 	2.11 	2.17 
637.50 	2.04 	2.27 	2.16 
637.75 	2.03 	2.16 	2.16 
638.00 	2.03 	2.14 	2.15 
638.25 	2.03 	2.16 	2.15 
638.50 	2.02 	2.24 	2.15 
638.75 	2.02 	2.25 	2.15 
639.00 	2.02 	2.26 	2.15 
639.25 	2.02 	2.11 	2.14 
639.50 	2.01 	2.04 	2.14 
639.75 	2.01 	2.19 	2.13 
640.00 	2.01 	2.08 	2.13 
640.25 	2.01 	2.17 	2.13 
640.50 	2.01 	2.08 	2.12 
640.75 	2.00 	2.07 	2.12 
641.00 	2.00 	2.11 	2.12 
641.25 	2.00 	2.01 	2.11 
641.50 	1.99 	2.11 	2.11 
641.75 	1.99 	2.10 	2.11 
642.00 	1.99 	2.07 	2.11 
642.25 	1.99 	2.12 	2.11 
642.50 	1.98 	2.09 	2.11 
642.75 	1.98 	2.02 	2.10 
643.00 	1.98 	2.02 	2.10 
643.25 	1.98 	2.19 	2.10 
643.50 	1.98 	2.18 	2.09 
643.75 	1.97 	2.07 	2.09 
644.00 	1.97 	2.03 	2.08 
644.25 	1.97 	2.06 	2.08 
644.50 	1.96 	2.12 	2.08 
644.75 	1.96 	2.00 	2.07 
645.00 	1.96 	2.18 	2.07 
645.25 	1.95 	2.05 	2.07 
645.50 	1.95 	2.13 	2.07 
645.75 	1.95 	2.05 	2.07 
646.00 	1.95 	2.03 	2.06 
646.25 	1.94 	2.15 	2.06 
646.50 	1.94 	2.10 	2.05 
646.75 	1.94 	2.03 	2.05 
647.00 	1.94 	2.13 	2.04 
647.25 	1.94 	2.09 	2.04 
647.50 	1.93 	2.03 	2.04 
647.75 	1.93 	2.03 	2.04 
648.00 	1.93 	2.05 	2.03 
648.25 	1.93 	2.12 	2.03 
648.50 	1.92 	1.93 	2.02 
648.75 	1.92 	2.10 	2.02 
649.00 	1.92 	1.99 	2.02 
649.25 	1.92 	2.03 	2.01 
649.50 	1.91 	2.02 	2.01 
649.75 	1.91 	2.07 	2.00 
650.00 	1.91 	1.98 	2.00 
650.25 	1.91 	1.96 	2.00 
650.50 	1.90 	2.01 	1.99 
650.75 	1.90 	1.90 	1.99 
651.00 	1.90 	1.91 	1.99 
651.25 	1.90 	1.90 	1.98 
651.50 	1.89 	1.95 	1.98 
651.75 	1.89 	1.94 	1.98 
652.00 	1.89 	1.97 	1.97 
652.25 	1.89 	2.07 	1.96 
652.50 	1.88 	1.89 	1.96 
652.75 	1.88 	1.92 	1.96 
653.00 	1.88 	2.03 	1.95 
653.25 	1.88 	1.87 	1.95 
653.50 	1.87 	1.94 	1.95 
653.75 	1.87 	1.89 	1.94 
654.00 	1.87 	1.91 	1.94 
654.25 	1.87 	1.99 	1.93 
654.50 	1.87 	1.86 	1.92 
654.75 	1.87 	1.93 	1.92 
655.00 	1.86 	2.02 	1.92 
655.25 	1.86 	1.91 	1.92 
655.50 	1.86 	1.88 	1.91 
655.75 	1.85 	2.04 	1.91 
656.00 	1.85 	1.93 	1.91 
656.25 	1.85 	1.87 	1.90 
656.50 	1.85 	2.00 	1.90 
656.75 	1.84 	1.89 	1.90 
657.00 	1.84 	1.89 	1.89 
657.25 	1.84 	1.87 	1.89 
657.50 	1.84 	1.86 	1.89 
657.75 	1.84 	1.81 	1.88 
658.00 	1.83 	2.00 	1.88 
658.25 	1.83 	1.89 	1.88 
658.50 	1.83 	1.86 	1.87 
658.75 	1.83 	1.84 	1.87 
659.00 	1.83 	1.78 	1.87 
659.25 	1.82 	1.83 	1.86 
659.50 	1.82 	1.96 	1.86 
659.75 	1.82 	1.83 	1.86 
660.00 	1.81 	1.87 	1.86 
660.25 	1.81 	1.82 	1.86 
660.50 	1.81 	1.85 	1.85 
660.75 	1.81 	1.81 	1.85 
661.00 	1.80 	1.81 	1.85 
661.25 	1.80 	1.81 	1.84 
661.50 	1.80 	1.81 	1.84 
661.75 	1.80 	1.83 	1.84 
662.00 	1.80 	1.80 	1.83 
662.25 	1.79 	1.89 	1.83 
662.50 	1.79 	1.81 	1.83 
662.75 	1.79 	1.85 	1.83 
663.00 	1.79 	1.72 	1.82 
663.25 	1.79 	1.83 	1.82 
663.50 	1.78 	1.74 	1.81 
663.75 	1.78 	1.82 	1.81 
664.00 	1.78 	1.87 	1.81 
664.25 	1.77 	1.82 	1.81 
664.50 	1.77 	1.89 	1.81 
664.75 	1.77 	1.91 	1.80 
665.00 	1.77 	1.81 	1.80 
665.25 	1.76 	1.78 	1.80 
665.50 	1.76 	1.78 	1.80 
665.75 	1.76 	1.89 	1.80 
666.00 	1.76 	1.76 	1.79 
666.25 	1.76 	1.80 	1.79 
666.50 	1.76 	1.77 	1.79 
666.75 	1.75 	1.71 	1.79 
667.00 	1.75 	1.73 	1.78 
667.25 	1.75 	1.90 	1.78 
667.50 	1.75 	1.75 	1.77 
667.75 	1.74 	1.74 	1.77 
668.00 	1.74 	1.70 	1.77 
668.25 	1.74 	1.77 	1.77 
668.50 	1.73 	1.80 	1.77 
668.75 	1.73 	1.84 	1.77 
669.00 	1.73 	1.73 	1.77 
669.25 	1.73 	1.76 	1.76 
669.50 	1.73 	1.74 	1.76 
669.75 	1.72 	1.74 	1.75 
670.00 	1.72 	1.84 	1.75 
670.25 	1.72 	1.71 	1.75 
670.50 	1.72 	1.76 	1.75 
670.75 	1.71 	1.69 	1.74 
671.00 	1.71 	1.74 	1.74 
671.25 	1.71 	1.72 	1.74 
671.50 	1.71 	1.76 	1.74 
671.75 	1.71 	1.70 	1.73 
672.00 	1.70 	1.69 	1.73 
672.25 	1.70 	1.62 	1.73 
672.50 	1.70 	1.72 	1.72 
672.75 	1.70 	1.70 	1.72 
673.00 	1.69 	1.80 	1.72 
673.25 	1.69 	1.84 	1.71 
673.50 	1.69 	1.78 	1.71 
673.75 	1.69 	1.70 	1.70 
674.00 	1.69 	1.66 	1.70 
674.25 	1.68 	1.69 	1.70 
674.50 	1.68 	1.77 	1.70 
674.75 	1.68 	1.68 	1.69 
675.00 	1.68 	1.69 	1.69 
675.25 	1.68 	1.76 	1.69 
675.50 	1.67 	1.68 	1.69 
675.75 	1.67 	1.65 	1.68 
676.00 	1.67 	1.77 	1.68 
676.25 	1.67 	1.67 	1.68 
676.50 	1.66 	1.63 	1.68 
676.75 	1.66 	1.67 	1.68 
677.00 	1.66 	1.64 	1.68 
677.25 	1.66 	1.64 	1.67 
677.50 	1.66 	1.62 	1.68 
677.75 	1.66 	1.66 	1.67 
678.00 	1.66 	1.61 	1.67 
678.25 	1.66 	1.62 	1.66 
678.50 	1.65 	1.64 	1.66 
678.75 	1.65 	1.62 	1.66 
679.00 	1.65 	1.69 	1.65 
679.25 	1.65 	1.64 	1.65 
679.50 	1.64 	1.63 	1.64 
679.75 	1.64 	1.61 	1.64 
680.00 	1.64 	1.70 	1.64 
680.25 	1.64 	1.69 	1.63 
680.50 	1.64 	1.61 	1.63 
680.75 	1.63 	1.63 	1.63 
681.00 	1.63 	1.58 	1.62 
681.25 	1.63 	1.73 	1.62 
681.50 	1.63 	1.72 	1.62 
681.75 	1.62 	1.60 	1.62 
682.00 	1.62 	1.58 	1.62 
682.25 	1.62 	1.73 	1.62 
682.50 	1.62 	1.61 	1.61 
682.75 	1.62 	1.68 	1.61 
683.00 	1.61 	1.51 	1.61 
683.25 	1.61 	1.68 	1.61 
683.50 	1.61 	1.56 	1.61 
683.75 	1.61 	1.54 	1.61 
684.00 	1.61 	1.53 	1.60 
684.25 	1.60 	1.52 	1.60 
684.50 	1.60 	1.63 	1.59 
684.75 	1.60 	1.58 	1.59 
685.00 	1.60 	1.62 	1.59 
685.25 	1.59 	1.64 	1.58 
685.50 	1.59 	1.55 	1.58 
685.75 	1.59 	1.48 	1.58 
686.00 	1.59 	1.63 	1.57 
686.25 	1.59 	1.67 	1.57 
686.50 	1.58 	1.57 	1.56 
686.75 	1.58 	1.57 	1.56 
687.00 	1.58 	1.53 	1.56 
687.25 	1.58 	1.52 	1.55 
687.50 	1.58 	1.64 	1.55 
687.75 	1.58 	1.55 	1.55 
688.00 	1.58 	1.52 	1.55 
688.25 	1.58 	1.54 	1.54 
688.50 	1.57 	1.62 	1.54 
688.75 	1.57 	1.48 	1.54 
689.00 	1.57 	1.53 	1.54 
689.25 	1.57 	1.46 	1.54 
689.50 	1.57 	1.57 	1.54 
689.75 	1.56 	1.49 	1.53 
690.00 	1.56 	1.47 	1.53 
690.25 	1.56 	1.49 	1.53 
690.50 	1.56 	1.52 	1.52 
690.75 	1.56 	1.49 	1.52 
691.00 	1.55 	1.62 	1.52 
691.25 	1.55 	1.47 	1.51 
691.50 	1.55 	1.48 	1.51 
691.75 	1.55 	1.52 	1.51 
692.00 	1.55 	1.55 	1.50 
692.25 	1.55 	1.55 	1.50 
692.50 	1.54 	1.48 	1.50 
692.75 	1.54 	1.58 	1.50 
693.00 	1.54 	1.48 	1.49 
693.25 	1.54 	1.48 	1.49 
693.50 	1.53 	1.47 	1.49 
693.75 	1.53 	1.50 	1.49 
694.00 	1.53 	1.45 	1.48 
694.25 	1.53 	1.57 	1.48 
694.50 	1.53 	1.43 	1.48 
694.75 	1.52 	1.55 	1.48 
695.00 	1.52 	1.45 	1.48 
695.25 	1.52 	1.47 	1.47 
695.50 	1.52 	1.45 	1.47 
695.75 	1.51 	1.43 	1.47 
696.00 	1.51 	1.43 	1.46 
696.25 	1.51 	1.52 	1.46 
696.50 	1.51 	1.42 	1.46 
696.75 	1.51 	1.39 	1.46 
697.00 	1.51 	1.52 	1.46 
697.25 	1.50 	1.45 	1.45 
697.50 	1.50 	1.53 	1.45 
697.75 	1.50 	1.40 	1.45 
698.00 	1.50 	1.41 	1.44 
698.25 	1.50 	1.54 	1.44 
698.50 	1.50 	1.43 	1.44 
698.75 	1.49 	1.39 	1.44 
699.00 	1.49 	1.42 	1.44 
699.25 	1.49 	1.42 	1.43 
699.50 	1.49 	1.38 	1.43 
699.75 	1.49 	1.41 	1.43 
700.00 	1.49 	1.39 	1.42 
700.25 	1.49 	1.38 	1.42 
700.50 	1.49 	1.36 	1.42 
700.75 	1.48 	1.46 	1.42 
701.00 	1.48 	1.51 	1.42 
701.25 	1.48 	1.37 	1.41 
701.50 	1.48 	1.49 	1.41 
701.75 	1.48 	1.46 	1.42 
702.00 	1.48 	1.37 	1.41 
702.25 	1.48 	1.41 	1.41 
702.50 	1.48 	1.40 	1.41 
702.75 	1.48 	1.35 	1.41 
703.00 	1.47 	1.37 	1.41 
703.25 	1.47 	1.39 	1.40 
703.50 	1.47 	1.48 	1.40 
703.75 	1.47 	1.38 	1.40 
704.00 	1.47 	1.40 	1.40 
704.25 	1.47 	1.46 	1.40 
704.50 	1.46 	1.36 	1.40 
704.75 	1.46 	1.29 	1.39 
705.00 	1.46 	1.46 	1.39 
705.25 	1.46 	1.34 	1.39 
705.50 	1.46 	1.47 	1.39 
705.75 	1.45 	1.30 	1.39 
706.00 	1.45 	1.38 	1.38 
706.25 	1.45 	1.47 	1.38 
706.50 	1.45 	1.45 	1.38 
706.75 	1.44 	1.43 	1.37 
707.00 	1.44 	1.36 	1.37 
707.25 	1.44 	1.43 	1.37 
707.50 	1.44 	1.30 	1.37 
707.75 	1.44 	1.41 	1.36 
708.00 	1.44 	1.44 	1.36 
708.25 	1.43 	1.30 	1.36 
708.50 	1.43 	1.41 	1.35 
708.75 	1.43 	1.46 	1.35 
709.00 	1.43 	1.31 	1.35 
709.25 	1.43 	1.32 	1.34 
709.50 	1.42 	1.26 	1.34 
709.75 	1.42 	1.41 	1.34 
710.00 	1.42 	1.31 	1.33 
710.25 	1.42 	1.30 	1.33 
710.50 	1.42 	1.28 	1.33 
710.75 	1.42 	1.32 	1.33 
711.00 	1.42 	1.30 	1.33 
711.25 	1.41 	1.39 	1.32 
711.50 	1.41 	1.31 	1.32 
711.75 	1.41 	1.31 	1.31 
712.00 	1.41 	1.26 	1.31 
712.25 	1.41 	1.33 	1.31 
712.50 	1.41 	1.26 	1.31 
712.75 	1.41 	1.25 	1.30 
713.00 	1.41 	1.32 	1.30 
713.25 	1.41 	1.23 	1.29 
713.50 	1.41 	1.29 	1.29 
713.75 	1.41 	1.34 	1.28 
714.00 	1.41 	1.28 	1.28 
714.25 	1.40 	1.26 	1.28 
714.50 	1.40 	1.22 	1.28 
714.75 	1.40 	1.28 	1.27 
715.00 	1.40 	1.24 	1.27 
715.25 	1.40 	1.36 	1.27 
715.50 	1.40 	1.26 	1.27 
715.75 	1.39 	1.23 	1.26 
716.00 	1.39 	1.34 	1.26 
716.25 	1.39 	1.25 	1.26 
716.50 	1.39 	1.35 	1.26 
716.75 	1.39 	1.23 	1.26 
717.00 	1.38 	1.30 	1.25 
717.25 	1.38 	1.20 	1.25 
717.50 	1.38 	1.25 	1.25 
717.75 	1.38 	1.23 	1.25 
718.00 	1.38 	1.21 	1.24 
718.25 	1.37 	1.20 	1.24 
718.50 	1.37 	1.22 	1.24 
718.75 	1.37 	1.26 	1.24 
719.00 	1.37 	1.24 	1.23 
719.25 	1.37 	1.21 	1.23 
719.50 	1.36 	1.18 	1.23 
719.75 	1.36 	1.30 	1.23 