279.75 	8.74 	9.02 	8.97 
280.00 	8.74 	9.04 	8.96 
280.25 	8.75 	8.90 	8.95 
280.50 	8.75 	8.79 	8.95 
280.75 	8.76 	8.92 	8.95 
281.00 	8.77 	9.13 	8.95 
281.25 	8.76 	9.01 	8.94 
281.50 	8.78 	8.80 	8.94 
281.75 	8.78 	9.08 	8.94 
282.00 	8.79 	8.92 	8.94 
282.25 	8.80 	8.92 	8.94 
282.50 	8.81 	8.87 	8.94 
282.75 	8.80 	8.79 	8.94 
283.00 	8.81 	8.86 	8.94 
283.25 	8.81 	9.11 	8.94 
283.50 	8.82 	9.06 	8.93 
283.75 	8.83 	8.88 	8.92 
284.00 	8.83 	8.85 	8.92 
284.25 	8.84 	8.86 	8.92 
284.50 	8.85 	8.82 	8.92 
284.75 	8.85 	8.89 	8.92 
285.00 	8.85 	8.89 	8.91 
285.25 	8.86 	8.98 	8.91 
285.50 	8.87 	8.86 	8.91 
285.75 	8.87 	8.80 	8.91 
286.00 	8.88 	8.84 	8.90 
286.25 	8.89 	8.80 	8.90 
286.50 	8.90 	9.02 	8.90 
286.75 	8.90 	8.80 	8.89 
287.00 	8.90 	9.08 	8.89 
287.25 	8.90 	8.79 	8.90 
287.50 	8.91 	9.16 	8.90 
287.75 	8.92 	8.85 	8.90 
288.00 	8.92 	8.84 	8.91 
288.25 	8.92 	8.81 	8.90 
288.50 	8.93 	8.86 	8.90 
288.75 	8.93 	9.13 	8.90 
289.00 	8.94 	8.81 	8.91 
289.25 	8.94 	9.01 	8.91 
289.50 	8.95 	8.88 	8.91 
289.75 	8.96 	8.83 	8.90 
290.00 	8.97 	8.76 	8.90 
290.25 	8.96 	8.79 	8.90 
290.50 	8.98 	9.12 	8.90 
290.75 	8.98 	8.84 	8.90 
291.00 	8.98 	8.88 	8.90 
291.25 	9.00 	8.79 	8.90 
291.50 	9.00 	8.81 	8.89 
291.75 	9.01 	8.81 	8.89 
292.00 	9.01 	9.15 	8.89 
292.25 	9.01 	8.96 	8.88 
292.50 	9.03 	8.98 	8.88 
292.75 	9.03 	9.14 	8.88 
293.00 	9.04 	8.88 	8.88 
293.25 	9.03 	9.04 	8.88 
293.50 	9.04 	8.82 	8.88 
293.75 	9.04 	9.02 	8.87 
294.00 	9.05 	8.83 	8.88 
294.25 	9.06 	8.84 	8.88 
294.50 	9.06 	8.81 	8.87 
294.75 	9.06 	8.82 	8.87 
295.00 	9.06 	8.80 	8.87 
295.25 	9.07 	8.89 	8.88 
295.50 	9.07 	8.71 	8.87 
295.75 	9.09 	8.85 	8.87 
296.00 	9.08 	8.76 	8.88 
296.25 	9.09 	8.78 	8.88 
296.50 	9.10 	8.96 	8.88 
296.75 	9.10 	8.80 	8.88 
297.00 	9.11 	8.72 	8.86 
297.25 	9.11 	8.95 	8.86 
297.50 	9.12 	8.89 	8.85 
297.75 	9.12 	8.79 	8.84 
298.00 	9.13 	9.03 	8.84 
298.25 	9.13 	8.69 	8.84 
298.50 	9.13 	8.84 	8.84 
298.75 	9.14 	8.88 	8.84 
299.00 	9.13 	9.05 	8.84 
299.25 	9.15 	8.76 	8.84 
299.50 	9.16 	8.78 	8.84 
299.75 	9.15 	8.78 	8.84 
300.00 	9.15 	8.88 	8.84 
300.25 	9.16 	9.02 	8.84 
300.50 	9.17 	8.92 	8.84 
300.75 	9.17 	8.99 	8.84 
301.00 	9.18 	8.71 	8.84 
301.25 	9.18 	8.86 	8.84 
301.50 	9.19 	8.79 	8.84 
301.75 	9.19 	8.68 	8.83 
302.00 	9.19 	8.68 	8.83 
302.25 	9.20 	8.80 	8.83 
302.50 	9.20 	8.74 	8.83 
302.75 	9.20 	8.83 	8.83 
303.00 	9.21 	9.03 	8.82 
303.25 	9.22 	8.86 	8.82 
303.50 	9.22 	8.98 	8.82 
303.75 	9.22 	8.82 	8.82 
304.00 	9.23 	8.80 	8.81 
304.25 	9.24 	8.81 	8.82 
304.50 	9.24 	8.88 	8.81 
304.75 	9.24 	8.81 	8.81 
305.00 	9.25 	8.95 	8.81 
305.25 	9.25 	8.66 	8.80 
305.50 	9.24 	8.81 	8.79 
305.75 	9.26 	8.65 	8.79 
306.00 	9.25 	8.77 	8.79 
306.25 	9.26 	8.94 	8.78 
306.50 	9.26 	8.62 	8.79 
306.75 	9.26 	8.68 	8.79 
307.00 	9.27 	8.79 	8.79 
307.25 	9.27 	8.86 	8.78 
307.50 	9.28 	8.78 	8.78 
307.75 	9.28 	8.75 	8.78 
308.00 	9.28 	8.72 	8.77 
308.25 	9.28 	8.88 	8.77 
308.50 	9.28 	8.90 	8.77 
308.75 	9.28 	8.64 	8.77 
309.00 	9.28 	8.93 	8.77 
309.25 	9.28 	8.65 	8.77 
309.50 	9.29 	8.69 	8.76 
309.75 	9.30 	8.91 	8.76 
310.00 	9.30 	8.63 	8.75 
310.25 	9.30 	8.70 	8.76 
310.50 	9.30 	8.87 	8.75 
310.75 	9.30 	8.78 	8.75 
311.00 	9.31 	8.56 	8.75 
311.25 	9.31 	8.88 	8.74 
311.50 	9.31 	8.62 	8.74 
311.75 	9.31 	8.68 	8.74 
312.00 	9.31 	8.70 	8.74 
312.25 	9.31 	8.68 	8.73 
312.50 	9.31 	8.78 	8.73 
312.75 	9.31 	8.75 	8.73 
313.00 	9.32 	8.89 	8.72 
313.25 	9.33 	8.90 	8.72 
313.50 	9.31 	8.90 	8.71 
313.75 	9.32 	8.61 	8.71 
314.00 	9.32 	8.74 	8.70 
314.25 	9.32 	8.55 	8.70 
314.50 	9.31 	8.69 	8.70 
314.75 	9.32 	8.87 	8.69 
315.00 	9.32 	8.75 	8.70 
315.25 	9.31 	8.55 	8.69 
315.50 	9.32 	8.84 	8.69 
315.75 	9.31 	8.56 	8.68 
316.00 	9.31 	8.71 	8.68 
316.25 	9.32 	8.59 	8.68 
316.50 	9.32 	8.64 	8.68 
316.75 	9.31 	8.70 	8.68 
317.00 	9.31 	8.69 	8.68 
317.25 	9.31 	8.59 	8.68 
317.50 	9.31 	8.60 	8.68 
317.75 	9.31 	8.62 	8.68 
318.00 	9.32 	8.74 	8.67 
318.25 	9.31 	8.54 	8.66 
318.50 	9.32 	8.57 	8.66 
318.75 	9.32 	8.54 	8.66 
319.00 	9.32 	8.61 	8.66 
319.25 	9.32 	8.63 	8.66 
319.50 	9.33 	8.71 	8.66 
319.75 	9.33 	8.83 	8.65 
320.00 	9.33 	8.66 	8.65 
320.25 	9.32 	8.70 	8.65 
320.50 	9.32 	8.51 	8.65 
320.75 	9.32 	8.58 	8.65 
321.00 	9.33 	8.78 	8.64 
321.25 	9.33 	8.55 	8.64 
321.50 	9.33 	8.82 	8.64 
321.75 	9.33 	8.61 	8.63 
322.00 	9.34 	8.58 	8.63 
322.25 	9.34 	8.76 	8.63 
322.50 	9.33 	8.83 	8.63 
322.75 	9.33 	8.57 	8.63 
323.00 	9.33 	8.58 	8.62 
323.25 	9.34 	8.77 	8.62 
323.50 	9.34 	8.76 	8.62 
323.75 	9.34 	8.61 	8.62 
324.00 	9.33 	8.66 	8.62 
324.25 	9.34 	8.47 	8.62 
324.50 	9.34 	8.77 	8.61 
324.75 	9.33 	8.73 	8.60 
325.00 	9.34 	8.56 	8.60 
325.25 	9.35 	8.63 	8.60 
325.50 	9.35 	8.42 	8.60 
325.75 	9.35 	8.62 	8.60 
326.00 	9.35 	8.54 	8.59 
326.25 	9.35 	8.55 	8.59 
326.50 	9.35 	8.51 	8.58 
326.75 	9.35 	8.48 	8.58 
327.00 	9.34 	8.55 	8.58 
327.25 	9.34 	8.65 	8.57 
327.50 	9.34 	8.54 	8.56 
327.75 	9.35 	8.59 	8.56 
328.00 	9.35 	8.48 	8.55 
328.25 	9.34 	8.47 	8.54 
328.50 	9.34 	8.45 	8.53 
328.75 	9.34 	8.65 	8.53 
329.00 	9.34 	8.50 	8.53 
329.25 	9.34 	8.57 	8.53 
329.50 	9.34 	8.49 	8.52 
329.75 	9.35 	8.57 	8.51 
330.00 	9.34 	8.56 	8.51 
330.25 	9.34 	8.51 	8.51 
330.50 	9.34 	8.54 	8.51 
330.75 	9.34 	8.62 	8.50 
331.00 	9.33 	8.44 	8.50 
331.25 	9.35 	8.62 	8.50 
331.50 	9.34 	8.54 	8.49 
331.75 	9.33 	8.41 	8.49 
332.00 	9.33 	8.49 	8.48 
332.25 	9.34 	8.47 	8.48 
332.50 	9.34 	8.38 	8.47 
332.75 	9.33 	8.36 	8.47 
333.00 	9.33 	8.46 	8.47 
333.25 	9.33 	8.37 	8.47 
333.50 	9.34 	8.64 	8.47 
333.75 	9.34 	8.34 	8.47 
334.00 	9.32 	8.52 	8.47 
334.25 	9.32 	8.43 	8.46 
334.50 	9.33 	8.50 	8.46 
334.75 	9.32 	8.49 	8.45 
335.00 	9.32 	8.52 	8.45 
335.25 	9.33 	8.56 	8.44 
335.50 	9.33 	8.28 	8.44 
335.75 	9.32 	8.30 	8.44 
336.00 	9.32 	8.48 	8.44 
336.25 	9.32 	8.37 	8.44 
336.50 	9.32 	8.40 	8.43 
336.75 	9.32 	8.31 	8.43 
337.00 	9.32 	8.35 	8.43 
337.25 	9.31 	8.36 	8.43 
337.50 	9.31 	8.60 	8.42 
337.75 	9.32 	8.59 	8.42 
338.00 	9.31 	8.29 	8.42 
338.25 	9.31 	8.46 	8.42 
338.50 	9.31 	8.58 	8.41 
338.75 	9.31 	8.47 	8.41 
339.00 	9.31 	8.29 	8.41 
339.25 	9.30 	8.46 	8.41 
339.50 	9.31 	8.39 	8.40 
339.75 	9.31 	8.38 	8.39 
340.00 	9.30 	8.27 	8.39 
340.25 	9.31 	8.54 	8.39 
340.50 	9.31 	8.43 	8.38 
340.75 	9.30 	8.39 	8.39 
341.00 	9.30 	8.53 	8.38 
341.25 	9.30 	8.35 	8.38 
341.50 	9.30 	8.48 	8.38 
341.75 	9.30 	8.41 	8.38 
342.00 	9.30 	8.28 	8.38 
342.25 	9.30 	8.36 	8.38 
342.50 	9.30 	8.26 	8.37 
342.75 	9.29 	8.51 	8.36 
343.00 	9.30 	8.26 	8.37 
343.25 	9.30 	8.34 	8.37 
343.50 	9.30 	8.27 	8.36 
343.75 	9.30 	8.37 	8.35 
344.00 	9.29 	8.40 	8.35 
344.25 	9.29 	8.26 	8.34 
344.50 	9.29 	8.26 	8.34 
344.75 	9.29 	8.40 	8.34 
345.00 	9.29 	8.41 	8.34 
345.25 	9.30 	8.16 	8.33 
345.50 	9.29 	8.31 	8.33 
345.75 	9.29 	8.19 	8.32 
346.00 	9.29 	8.36 	8.32 
346.25 	9.28 	8.31 	8.31 
346.50 	9.29 	8.35 	8.31 
346.75 	9.28 	8.48 	8.30 
347.00 	9.28 	8.23 	8.31 
347.25 	9.28 	8.20 	8.31 
347.50 	9.28 	8.49 	8.30 
347.75 	9.29 	8.48 	8.29 
348.00 	9.28 	8.41 	8.29 
348.25 	9.27 	8.24 	8.29 
348.50 	9.29 	8.25 	8.29 
348.75 	9.28 	8.19 	8.28 
349.00 	9.27 	8.19 	8.28 
349.25 	9.28 	8.23 	8.28 
349.50 	9.27 	8.25 	8.28 
349.75 	9.28 	8.44 	8.28 
350.00 	9.27 	8.32 	8.28 
350.25 	9.27 	8.25 	8.28 
350.50 	9.27 	8.16 	8.28 
350.75 	9.27 	8.21 	8.28 
351.00 	9.27 	8.15 	8.27 
351.25 	9.25 	8.30 	8.27 
351.50 	9.27 	8.28 	8.27 
351.75 	9.27 	8.40 	8.26 
352.00 	9.26 	8.37 	8.26 
352.25 	9.26 	8.13 	8.26 
352.50 	9.26 	8.14 	8.25 
352.75 	9.25 	8.26 	8.24 
353.00 	9.26 	8.32 	8.24 
353.25 	9.26 	8.13 	8.23 
353.50 	9.25 	8.20 	8.23 
353.75 	9.25 	8.24 	8.23 
354.00 	9.26 	8.30 	8.23 
354.25 	9.25 	8.25 	8.23 
354.50 	9.24 	8.36 	8.23 
354.75 	9.24 	8.22 	8.23 
355.00 	9.24 	8.31 	8.22 
355.25 	9.24 	8.36 	8.22 
355.50 	9.24 	8.13 	8.22 
355.75 	9.24 	8.14 	8.22 
356.00 	9.24 	8.35 	8.22 
356.25 	9.24 	8.21 	8.21 
356.50 	9.23 	8.01 	8.21 
356.75 	9.22 	8.24 	8.20 
357.00 	9.23 	8.19 	8.20 
357.25 	9.23 	8.10 	8.20 
357.50 	9.22 	8.21 	8.20 
357.75 	9.22 	8.18 	8.19 
358.00 	9.22 	8.11 	8.19 
358.25 	9.21 	8.14 	8.19 
358.50 	9.22 	8.06 	8.19 
358.75 	9.21 	8.26 	8.19 
359.00 	9.21 	8.34 	8.19 
359.25 	9.22 	8.24 	8.18 
359.50 	9.22 	8.30 	8.18 
359.75 	9.20 	8.16 	8.17 
360.00 	9.20 	8.04 	8.17 
360.25 	9.20 	8.19 	8.16 
360.50 	9.21 	8.19 	8.16 
360.75 	9.21 	8.06 	8.16 
361.00 	9.21 	8.16 	8.15 
361.25 	9.19 	8.05 	8.15 
361.50 	9.20 	8.30 	8.15 
361.75 	9.19 	8.16 	8.15 
362.00 	9.19 	8.28 	8.15 
362.25 	9.18 	8.04 	8.15 
362.50 	9.19 	8.06 	8.14 
362.75 	9.18 	8.24 	8.14 
363.00 	9.19 	8.03 	8.14 
363.25 	9.18 	8.31 	8.14 
363.50 	9.18 	8.21 	8.14 
363.75 	9.17 	8.13 	8.13 
364.00 	9.17 	8.04 	8.12 
364.25 	9.17 	8.23 	8.12 
364.50 	9.17 	8.00 	8.12 
364.75 	9.17 	8.08 	8.11 
365.00 	9.17 	8.05 	8.11 
365.25 	9.15 	8.25 	8.11 
365.50 	9.16 	8.07 	8.10 
365.75 	9.16 	8.04 	8.10 
366.00 	9.16 	8.00 	8.10 
366.25 	9.15 	8.24 	8.10 
366.50 	9.15 	8.00 	8.10 
366.75 	9.15 	8.23 	8.09 
367.00 	9.14 	8.12 	8.09 
367.25 	9.15 	8.00 	8.09 
367.50 	9.14 	8.12 	8.09 
367.75 	9.13 	7.97 	8.08 
368.00 	9.13 	8.07 	8.08 
368.25 	9.13 	8.10 	8.07 
368.50 	9.13 	7.96 	8.06 
368.75 	9.12 	8.08 	8.06 
369.00 	9.13 	8.09 	8.06 
369.25 	9.13 	8.18 	8.05 
369.50 	9.12 	8.05 	8.05 
369.75 	9.12 	7.97 	8.05 
370.00 	9.11 	8.10 	8.04 
370.25 	9.11 	7.91 	8.04 
370.50 	9.11 	8.08 	8.04 
370.75 	9.11 	8.19 	8.04 
371.00 	9.10 	8.11 	8.04 
371.25 	9.10 	8.03 	8.03 
371.50 	9.10 	7.94 	8.03 
371.75 	9.10 	8.17 	8.02 
372.00 	9.09 	8.03 	8.02 
372.25 	9.09 	7.95 	8.02 
372.50 	9.09 	7.95 	8.01 
372.75 	9.09 	8.03 	8.01 
373.00 	9.08 	7.96 	8.01 
373.25 	9.08 	7.89 	8.00 
373.50 	9.07 	7.94 	8.01 
373.75 	9.07 	8.03 	8.00 
374.00 	9.06 	8.05 	8.00 
374.25 	9.06 	7.91 	7.99 
374.50 	9.05 	7.97 	7.99 
374.75 	9.06 	7.92 	7.98 
375.00 	9.06 	8.11 	7.98 
375.25 	9.04 	8.14 	7.97 
375.50 	9.05 	8.01 	7.97 
375.75 	9.04 	7.93 	7.96 
376.00 	9.04 	8.03 	7.96 
376.25 	9.03 	7.89 	7.96 
376.50 	9.04 	7.99 	7.96 
376.75 	9.03 	7.88 	7.95 
377.00 	9.03 	8.02 	7.95 
377.25 	9.03 	7.88 	7.95 
377.50 	9.03 	7.89 	7.94 
377.75 	9.02 	7.86 	7.94 
378.00 	9.01 	7.98 	7.94 
378.25 	9.01 	8.09 	7.94 
378.50 	9.01 	7.98 	7.94 
378.75 	9.01 	7.91 	7.94 
379.00 	9.00 	7.96 	7.93 
379.25 	8.99 	7.81 	7.94 
379.50 	8.99 	7.83 	7.93 
379.75 	8.99 	7.82 	7.93 
380.00 	8.99 	7.83 	7.93 
380.25 	8.98 	7.83 	7.92 
380.50 	8.98 	7.99 	7.92 
380.75 	8.97 	8.04 	7.92 
381.00 	8.96 	8.06 	7.92 
381.25 	8.97 	7.96 	7.92 
381.50 	8.96 	7.89 	7.91 
381.75 	8.96 	7.93 	7.91 
382.00 	8.96 	7.79 	7.91 
382.25 	8.95 	7.84 	7.90 
382.50 	8.95 	7.92 	7.90 
382.75 	8.94 	7.94 	7.90 
383.00 	8.94 	7.85 	7.90 
383.25 	8.94 	8.02 	7.90 
383.50 	8.93 	7.87 	7.89 
383.75 	8.92 	7.82 	7.89 
384.00 	8.92 	8.04 	7.89 
384.25 	8.92 	7.78 	7.90 
384.50 	8.91 	8.04 	7.90 
384.75 	8.91 	7.88 	7.89 
385.00 	8.91 	7.77 	7.89 
385.25 	8.91 	8.04 	7.89 
385.50 	8.90 	7.95 	7.89 
385.75 	8.89 	7.89 	7.88 
386.00 	8.90 	8.03 	7.88 
386.25 	8.88 	7.79 	7.87 
386.50 	8.88 	7.76 	7.87 
386.75 	8.88 	7.76 	7.87 
387.00 	8.87 	7.75 	7.87 
387.25 	8.87 	7.79 	7.87 
387.50 	8.87 	7.88 	7.86 
387.75 	8.86 	7.99 	7.86 
388.00 	8.85 	7.99 	7.86 
388.25 	8.85 	7.76 	7.86 
388.50 	8.85 	7.89 	7.85 
388.75 	8.85 	7.95 	7.85 
389.00 	8.83 	7.95 	7.85 
389.25 	8.84 	7.84 	7.84 
389.50 	8.82 	7.74 	7.84 
389.75 	8.83 	7.87 	7.84 
390.00 	8.82 	7.79 	7.84 
390.25 	8.81 	7.74 	7.83 
390.50 	8.81 	7.88 	7.82 
390.75 	8.81 	7.78 	7.82 
391.00 	8.80 	7.68 	7.81 
391.25 	8.79 	7.97 	7.81 
391.50 	8.79 	7.84 	7.81 
391.75 	8.78 	7.74 	7.81 
392.00 	8.78 	7.83 	7.81 
392.25 	8.77 	7.78 	7.81 
392.50 	8.78 	7.81 	7.80 
392.75 	8.76 	7.93 	7.80 
393.00 	8.77 	7.94 	7.79 
393.25 	8.76 	7.68 	7.79 
393.50 	8.75 	7.81 	7.78 
393.75 	8.75 	7.71 	7.78 
394.00 	8.74 	7.73 	7.77 
394.25 	8.74 	7.82 	7.77 
394.50 	8.73 	7.77 	7.77 
394.75 	8.72 	7.72 	7.77 
395.00 	8.72 	7.78 	7.77 
395.25 	8.71 	7.70 	7.76 
395.50 	8.71 	7.67 	7.76 
395.75 	8.71 	7.71 	7.75 
396.00 	8.70 	7.81 	7.76 
396.25 	8.70 	7.65 	7.75 
396.50 	8.69 	7.89 	7.74 
396.75 	8.69 	7.76 	7.74 
397.00 	8.68 	7.77 	7.74 
397.25 	8.67 	7.68 	7.73 
397.50 	8.67 	7.84 	7.73 
397.75 	8.66 	7.64 	7.73 
398.00 	8.66 	7.66 	7.72 
398.25 	8.65 	7.65 	7.72 
398.50 	8.65 	7.71 	7.71 
398.75 	8.64 	7.62 	7.71 
399.00 	8.64 	7.86 	7.71 
399.25 	8.63 	7.79 	7.71 
399.50 	8.63 	7.85 	7.71 
399.75 	8.63 	7.74 	7.70 
400.00 	8.61 	7.61 	7.70 
400.25 	8.61 	7.61 	7.70 
400.50 	8.60 	7.59 	7.70 
400.75 	8.60 	7.83 	7.70 
401.00 	8.60 	7.71 	7.69 
401.25 	8.59 	7.59 	7.69 
401.50 	8.59 	7.61 	7.69 
401.75 	8.58 	7.81 	7.69 
402.00 	8.57 	7.59 	7.68 
402.25 	8.57 	7.81 	7.68 
402.50 	8.56 	7.70 	7.68 
402.75 	8.56 	7.61 	7.68 
403.00 	8.56 	7.63 	7.68 
403.25 	8.55 	7.63 	7.68 
403.50 	8.54 	7.69 	7.67 
403.75 	8.53 	7.60 	7.67 
404.00 	8.53 	7.83 	7.66 
404.25 	8.52 	7.62 	7.65 
404.50 	8.52 	7.61 	7.65 
404.75 	8.51 	7.67 	7.64 
405.00 	8.51 	7.57 	7.64 
405.25 	8.50 	7.66 	7.64 
405.50 	8.49 	7.67 	7.64 
405.75 	8.49 	7.67 	7.64 
406.00 	8.48 	7.68 	7.64 
406.25 	8.47 	7.57 	7.64 
406.50 	8.47 	7.77 	7.64 
406.75 	8.46 	7.64 	7.64 
407.00 	8.46 	7.65 	7.63 
407.25 	8.44 	7.67 	7.63 
407.50 	8.45 	7.76 	7.63 
407.75 	8.43 	7.58 	7.63 
408.00 	8.43 	7.53 	7.63 
408.25 	8.42 	7.52 	7.62 
408.50 	8.42 	7.53 	7.62 
408.75 	8.42 	7.52 	7.62 
409.00 	8.40 	7.56 	7.61 
409.25 	8.40 	7.53 	7.61 
409.50 	8.40 	7.64 	7.61 
409.75 	8.39 	7.56 	7.60 
410.00 	8.38 	7.75 	7.60 
410.25 	8.38 	7.53 	7.59 
410.50 	8.37 	7.60 	7.60 
410.75 	8.36 	7.62 	7.59 
411.00 	8.35 	7.72 	7.59 
411.25 	8.35 	7.63 	7.59 
411.50 	8.34 	7.71 	7.58 
411.75 	8.33 	7.51 	7.58 
412.00 	8.33 	7.52 	7.58 
412.25 	8.33 	7.71 	7.58 
412.50 	8.31 	7.63 	7.57 
412.75 	8.31 	7.53 	7.57 
413.00 	8.30 	7.55 	7.56 
413.25 	8.30 	7.52 	7.56 
413.50 	8.29 	7.56 	7.56 
413.75 	8.28 	7.57 	7.56 
414.00 	8.28 	7.61 	7.56 
414.25 	8.28 	7.52 	7.56 
414.50 	8.27 	7.45 	7.56 
414.75 	8.26 	7.46 	7.55 
415.00 	8.25 	7.45 	7.55 
415.25 	8.25 	7.70 	7.55 
415.50 	8.24 	7.59 	7.54 
415.75 	8.23 	7.44 	7.54 
416.00 	8.22 	7.72 	7.53 
416.25 	8.21 	7.46 	7.53 
416.50 	8.21 	7.67 	7.53 
416.75 	8.21 	7.57 	7.52 
417.00 	8.20 	7.55 	7.53 
417.25 	8.19 	7.44 	7.52 
417.50 	8.19 	7.43 	7.52 
417.75 	8.17 	7.47 	7.52 
418.00 	8.17 	7.47 	7.51 
418.25 	8.16 	7.54 	7.51 
418.50 	8.15 	7.47 	7.51 
418.75 	8.15 	7.47 	7.51 
419.00 	8.14 	7.52 	7.51 
419.25 	8.13 	7.45 	7.51 
419.50 	8.12 	7.46 	7.51 
419.75 	8.12 	7.64 	7.51 
420.00 	8.12 	7.45 	7.51 
420.25 	8.10 	7.37 	7.50 
420.50 	8.09 	7.41 	7.50 
420.75 	8.09 	7.53 	7.50 
421.00 	8.09 	7.51 	7.49 
421.25 	8.07 	7.62 	7.49 
421.50 	8.07 	7.46 	7.49 
421.75 	8.06 	7.53 	7.49 
422.00 	8.06 	7.51 	7.49 
422.25 	8.05 	7.62 	7.48 
422.50 	8.03 	7.49 	7.48 
422.75 	8.03 	7.40 	7.48 
423.00 	8.02 	7.39 	7.48 
423.25 	8.02 	7.60 	7.48 
423.50 	8.01 	7.40 	7.48 
423.75 	8.00 	7.60 	7.48 
424.00 	8.00 	7.48 	7.48 
424.25 	7.99 	7.49 	7.48 
424.50 	7.98 	7.49 	7.47 
424.75 	7.97 	7.39 	7.47 
425.00 	7.96 	7.47 	7.47 
425.25 	7.96 	7.59 	7.47 
425.50 	7.95 	7.35 	7.47 
425.75 	7.95 	7.47 	7.47 
426.00 	7.93 	7.44 	7.47 
426.25 	7.93 	7.60 	7.46 
426.50 	7.92 	7.53 	7.46 
426.75 	7.91 	7.45 	7.46 
427.00 	7.90 	7.35 	7.46 
427.25 	7.89 	7.36 	7.45 
427.50 	7.89 	7.40 	7.45 
427.75 	7.89 	7.45 	7.45 
428.00 	7.87 	7.58 	7.46 
428.25 	7.86 	7.56 	7.45 
428.50 	7.86 	7.33 	7.45 
428.75 	7.85 	7.41 	7.44 
429.00 	7.84 	7.39 	7.44 
429.25 	7.83 	7.37 	7.44 
429.50 	7.83 	7.35 	7.44 
429.75 	7.82 	7.56 	7.43 
430.00 	7.81 	7.43 	7.43 
430.25 	7.80 	7.56 	7.42 
430.50 	7.80 	7.43 	7.42 
430.75 	7.78 	7.31 	7.42 
431.00 	7.78 	7.55 	7.42 
431.25 	7.77 	7.33 	7.42 
431.50 	7.76 	7.38 	7.42 
431.75 	7.76 	7.57 	7.42 
432.00 	7.74 	7.34 	7.42 
432.25 	7.74 	7.35 	7.42 
432.50 	7.73 	7.51 	7.42 
432.75 	7.73 	7.54 	7.42 
433.00 	7.71 	7.40 	7.41 
433.25 	7.71 	7.40 	7.40 
433.50 	7.70 	7.28 	7.40 
433.75 	7.70 	7.53 	7.40 
434.00 	7.68 	7.29 	7.40 
434.25 	7.68 	7.38 	7.39 
434.50 	7.67 	7.32 	7.40 
434.75 	7.66 	7.38 	7.39 
435.00 	7.65 	7.25 	7.39 
435.25 	7.65 	7.27 	7.38 
435.50 	7.64 	7.47 	7.38 
435.75 	7.63 	7.46 	7.38 
436.00 	7.62 	7.50 	7.38 
436.25 	7.61 	7.44 	7.38 
436.50 	7.60 	7.50 	7.38 
436.75 	7.60 	7.51 	7.37 
437.00 	7.59 	7.29 	7.37 
437.25 	7.59 	7.36 	7.37 
437.50 	7.57 	7.36 	7.36 
437.75 	7.57 	7.36 	7.36 
438.00 	7.57 	7.28 	7.36 
438.25 	7.55 	7.28 	7.35 
438.50 	7.54 	7.23 	7.35 
438.75 	7.53 	7.30 	7.35 
439.00 	7.53 	7.34 	7.35 
439.25 	7.52 	7.36 	7.35 
439.50 	7.51 	7.28 	7.36 
439.75 	7.50 	7.46 	7.35 
440.00 	7.50 	7.23 	7.35 
440.25 	7.49 	7.45 	7.36 
440.50 	7.48 	7.46 	7.35 
440.75 	7.47 	7.36 	7.35 
441.00 	7.46 	7.36 	7.35 
441.25 	7.46 	7.26 	7.34 
441.50 	7.45 	7.31 	7.33 
441.75 	7.43 	7.34 	7.33 
442.00 	7.42 	7.41 	7.33 
442.25 	7.42 	7.23 	7.32 
442.50 	7.42 	7.28 	7.32 
442.75 	7.40 	7.34 	7.31 
443.00 	7.40 	7.29 	7.32 
443.25 	7.40 	7.31 	7.32 
443.50 	7.39 	7.41 	7.32 
443.75 	7.39 	7.41 	7.32 
444.00 	7.37 	7.30 	7.31 
444.25 	7.36 	7.42 	7.31 
444.50 	7.35 	7.28 	7.31 
444.75 	7.35 	7.28 	7.31 
445.00 	7.34 	7.43 	7.30 
445.25 	7.33 	7.20 	7.30 
445.50 	7.32 	7.42 	7.30 
445.75 	7.32 	7.40 	7.29 
446.00 	7.31 	7.19 	7.29 
446.25 	7.29 	7.23 	7.29 
446.50 	7.29 	7.21 	7.29 
446.75 	7.28 	7.33 	7.28 
447.00 	7.28 	7.18 	7.28 
447.25 	7.27 	7.23 	7.28 
447.50 	7.26 	7.22 	7.28 
447.75 	7.25 	7.40 	7.28 
448.00 	7.24 	7.25 	7.28 
448.25 	7.24 	7.25 	7.27 
448.50 	7.23 	7.23 	7.27 
448.75 	7.22 	7.23 	7.26 
449.00 	7.21 	7.25 	7.26 
449.25 	7.20 	7.19 	7.25 
449.50 	7.20 	7.36 	7.25 
449.75 	7.19 	7.16 	7.25 
450.00 	7.18 	7.28 	7.25 
450.25 	7.18 	7.35 	7.25 
450.50 	7.17 	7.17 	7.24 
450.75 	7.16 	7.18 	7.24 
451.00 	7.15 	7.40 	7.24 
451.25 	7.14 	7.18 	7.24 
451.50 	7.14 	7.21 	7.24 
451.75 	7.13 	7.23 	7.23 
452.00 	7.12 	7.41 	7.23 
452.25 	7.11 	7.20 	7.23 
452.50 	7.11 	7.12 	7.24 
452.75 	7.10 	7.34 	7.23 
453.00 	7.09 	7.17 	7.23 
453.25 	7.08 	7.15 	7.22 
453.50 	7.07 	7.24 	7.22 
453.75 	7.07 	7.17 	7.22 
454.00 	7.06 	7.15 	7.22 
454.25 	7.05 	7.21 	7.22 
454.50 	7.05 	7.33 	7.21 
454.75 	7.03 	7.24 	7.21 
455.00 	7.03 	7.33 	7.21 
455.25 	7.02 	7.20 	7.21 
455.50 	7.01 	7.25 	7.20 
455.75 	7.01 	7.12 	7.20 
456.00 	7.00 	7.16 	7.20 
456.25 	6.99 	7.24 	7.20 
456.50 	6.99 	7.18 	7.20 
456.75 	6.98 	7.18 	7.20 
457.00 	6.97 	7.22 	7.19 
457.25 	6.97 	7.32 	7.19 
457.50 	6.96 	7.10 	7.19 
457.75 	6.95 	7.21 	7.19 
458.00 	6.94 	7.16 	7.19 
458.25 	6.93 	7.11 	7.19 
458.50 	6.93 	7.11 	7.19 
458.75 	6.92 	7.13 	7.19 
459.00 	6.91 	7.21 	7.19 
459.25 	6.91 	7.18 	7.19 
459.50 	6.90 	7.18 	7.18 
459.75 	6.89 	7.16 	7.18 
460.00 	6.88 	7.25 	7.18 
460.25 	6.88 	7.09 	7.18 
460.50 	6.87 	7.17 	7.17 
460.75 	6.87 	7.19 	7.17 
461.00 	6.86 	7.23 	7.17 
461.25 	6.85 	7.18 	7.17 
461.50 	6.85 	7.10 	7.17 
461.75 	6.84 	7.17 	7.16 
462.00 	6.83 	7.15 	7.16 
462.25 	6.82 	7.28 	7.16 
462.50 	6.82 	7.14 	7.16 
462.75 	6.81 	7.28 	7.15 
463.00 	6.80 	7.12 	7.15 
463.25 	6.79 	7.21 	7.15 
463.50 	6.79 	7.12 	7.16 
463.75 	6.78 	7.30 	7.16 
464.00 	6.77 	7.11 	7.16 
464.25 	6.77 	7.08 	7.15 
464.50 	6.76 	7.29 	7.15 
464.75 	6.75 	7.20 	7.15 
465.00 	6.75 	7.10 	7.15 
465.25 	6.74 	7.10 	7.15 
465.50 	6.74 	7.08 	7.15 
465.75 	6.73 	7.13 	7.15 
466.00 	6.72 	7.06 	7.15 
466.25 	6.72 	7.11 	7.15 
466.50 	6.71 	7.16 	7.15 
466.75 	6.70 	7.22 	7.15 
467.00 	6.70 	7.05 	7.15 
467.25 	6.69 	7.07 	7.14 
467.50 	6.68 	7.13 	7.14 
467.75 	6.68 	7.10 	7.14 
468.00 	6.67 	7.14 	7.14 
468.25 	6.66 	7.25 	7.14 
468.50 	6.66 	7.17 	7.14 
468.75 	6.65 	7.15 	7.13 
469.00 	6.65 	7.07 	7.13 
469.25 	6.64 	7.13 	7.14 
469.50 	6.64 	7.17 	7.13 
469.75 	6.63 	7.06 	7.13 
470.00 	6.62 	7.16 	7.13 
470.25 	6.62 	7.15 	7.13 
470.50 	6.61 	7.26 	7.13 
470.75 	6.60 	7.12 	7.13 
471.00 	6.60 	7.24 	7.13 
471.25 	6.59 	7.10 	7.13 
471.50 	6.58 	7.21 	7.13 
471.75 	6.58 	7.12 	7.12 
472.00 	6.57 	7.04 	7.13 
472.25 	6.57 	7.08 	7.13 
472.50 	6.56 	7.12 	7.13 
472.75 	6.56 	7.11 	7.12 
473.00 	6.55 	7.14 	7.12 
473.25 	6.55 	7.07 	7.12 
473.50 	6.54 	7.14 	7.11 
473.75 	6.53 	7.21 	7.12 
474.00 	6.53 	7.12 	7.12 
474.25 	6.52 	7.22 	7.12 
474.50 	6.52 	7.07 	7.12 
474.75 	6.51 	7.05 	7.12 
475.00 	6.51 	7.05 	7.12 
475.25 	6.50 	7.20 	7.12 
475.50 	6.49 	7.21 	7.12 
475.75 	6.49 	7.01 	7.12 
476.00 	6.49 	6.98 	7.11 
476.25 	6.48 	7.23 	7.11 
476.50 	6.48 	6.99 	7.11 
476.75 	6.47 	7.10 	7.11 
477.00 	6.46 	7.21 	7.12 
477.25 	6.46 	7.02 	7.11 
477.50 	6.45 	7.01 	7.11 
477.75 	6.45 	7.02 	7.11 
478.00 	6.44 	7.14 	7.11 
478.25 	6.44 	6.98 	7.11 
478.50 	6.43 	7.22 	7.11 
478.75 	6.43 	7.19 	7.11 
479.00 	6.43 	7.15 	7.11 
479.25 	6.43 	7.21 	7.11 
479.50 	6.42 	7.21 	7.11 
479.75 	6.42 	7.10 	7.11 
480.00 	6.41 	7.05 	7.12 
480.25 	6.40 	7.12 	7.12 
480.50 	6.40 	7.15 	7.12 
480.75 	6.40 	7.12 	7.12 
481.00 	6.39 	7.00 	7.12 
481.25 	6.39 	7.04 	7.12 
481.50 	6.38 	7.25 	7.13 
481.75 	6.38 	7.23 	7.13 
482.00 	6.38 	7.01 	7.12 
482.25 	6.37 	7.01 	7.12 
482.50 	6.37 	7.03 	7.12 
482.75 	6.36 	7.21 	7.13 
483.00 	6.36 	7.10 	7.12 
483.25 	6.36 	7.10 	7.13 
483.50 	6.35 	7.20 	7.12 
483.75 	6.35 	6.99 	7.12 
484.00 	6.34 	7.25 	7.11 
484.25 	6.34 	7.05 	7.11 
484.50 	6.34 	7.27 	7.11 
484.75 	6.33 	7.24 	7.11 
485.00 	6.33 	7.25 	7.11 
485.25 	6.33 	7.25 	7.11 
485.50 	6.32 	7.01 	7.11 
485.75 	6.32 	7.06 	7.11 
486.00 	6.32 	7.26 	7.11 
486.25 	6.31 	7.15 	7.11 
486.50 	6.31 	7.03 	7.10 
486.75 	6.31 	7.04 	7.10 
487.00 	6.30 	7.05 	7.10 
487.25 	6.30 	7.09 	7.11 
487.50 	6.30 	7.12 	7.11 
487.75 	6.29 	7.09 	7.11 
488.00 	6.29 	7.05 	7.11 
488.25 	6.29 	7.01 	7.11 
488.50 	6.28 	7.06 	7.10 
488.75 	6.28 	7.03 	7.11 
489.00 	6.28 	7.12 	7.10 
489.25 	6.27 	7.02 	7.10 
489.50 	6.27 	7.14 	7.09 
489.75 	6.27 	7.12 	7.09 
490.00 	6.26 	7.16 	7.08 
490.25 	6.26 	7.08 	7.08 
490.50 	6.26 	7.14 	7.08 
490.75 	6.25 	7.01 	7.08 
491.00 	6.25 	7.00 	7.08 
491.25 	6.25 	7.07 	7.08 
491.50 	6.25 	7.15 	7.08 
491.75 	6.25 	7.05 	7.09 
492.00 	6.24 	7.21 	7.09 
492.25 	6.24 	7.11 	7.09 
492.50 	6.24 	7.07 	7.09 
492.75 	6.24 	7.20 	7.09 
493.00 	6.23 	7.00 	7.09 
493.25 	6.23 	7.11 	7.09 
493.50 	6.22 	7.03 	7.09 
493.75 	6.22 	7.03 	7.10 
494.00 	6.22 	6.98 	7.10 
494.25 	6.22 	7.02 	7.10 
494.50 	6.21 	7.00 	7.10 
494.75 	6.21 	7.12 	7.10 
495.00 	6.21 	7.12 	7.09 
495.25 	6.21 	7.11 	7.09 
495.50 	6.21 	7.08 	7.09 
495.75 	6.21 	7.08 	7.09 
496.00 	6.21 	7.10 	7.10 
496.25 	6.20 	7.21 	7.10 
496.50 	6.20 	7.22 	7.10 
496.75 	6.20 	7.11 	7.10 
497.00 	6.19 	7.11 	7.10 
497.25 	6.19 	7.10 	7.10 
497.50 	6.19 	7.24 	7.10 
497.75 	6.19 	7.14 	7.09 
498.00 	6.19 	7.03 	7.09 
498.25 	6.18 	7.09 	7.09 
498.50 	6.19 	7.20 	7.10 
498.75 	6.18 	6.99 	7.10 
499.00 	6.18 	7.11 	7.11 
499.25 	6.19 	7.10 	7.11 
499.50 	6.18 	7.05 	7.11 
499.75 	6.18 	7.07 	7.11 
500.00 	6.18 	7.09 	7.11 
500.25 	6.18 	6.97 	7.11 
500.50 	6.18 	7.23 	7.11 
500.75 	6.17 	7.11 	7.12 
501.00 	6.17 	7.10 	7.11 
501.25 	6.17 	7.22 	7.11 
501.50 	6.17 	7.02 	7.11 
501.75 	6.17 	7.21 	7.11 
502.00 	6.17 	6.99 	7.11 
502.25 	6.17 	7.11 	7.11 
502.50 	6.16 	7.01 	7.10 
502.75 	6.16 	7.04 	7.10 
503.00 	6.16 	7.09 	7.10 
503.25 	6.16 	7.10 	7.10 
503.50 	6.16 	7.21 	7.10 
503.75 	6.16 	7.20 	7.10 
504.00 	6.16 	7.10 	7.10 
504.25 	6.16 	7.21 	7.09 
504.50 	6.16 	7.07 	7.09 
504.75 	6.16 	7.12 	7.09 
505.00 	6.15 	7.19 	7.09 
505.25 	6.15 	7.07 	7.10 
505.50 	6.15 	7.20 	7.09 
505.75 	6.15 	7.07 	7.09 
506.00 	6.15 	7.21 	7.09 
506.25 	6.15 	7.06 	7.09 
506.50 	6.15 	7.10 	7.09 
506.75 	6.15 	7.09 	7.09 
507.00 	6.15 	7.07 	7.09 
507.25 	6.15 	7.03 	7.09 
507.50 	6.15 	7.01 	7.09 
507.75 	6.14 	7.09 	7.09 
508.00 	6.14 	7.01 	7.09 
508.25 	6.14 	7.09 	7.09 
508.50 	6.14 	7.03 	7.09 
508.75 	6.14 	7.03 	7.09 
509.00 	6.14 	7.06 	7.09 
509.25 	6.14 	7.05 	7.09 
509.50 	6.14 	7.06 	7.09 
509.75 	6.14 	7.08 	7.09 
510.00 	6.14 	7.02 	7.09 
510.25 	6.14 	7.06 	7.09 
510.50 	6.14 	7.22 	7.08 
510.75 	6.14 	7.10 	7.08 
511.00 	6.14 	7.06 	7.08 
511.25 	6.14 	7.18 	7.08 
511.50 	6.14 	6.97 	7.08 
511.75 	6.13 	7.05 	7.08 
512.00 	6.14 	7.16 	7.08 
512.25 	6.13 	7.09 	7.07 
512.50 	6.14 	7.10 	7.08 
512.75 	6.13 	6.99 	7.08 
513.00 	6.14 	7.19 	7.08 
513.25 	6.14 	7.07 	7.08 
513.50 	6.13 	7.16 	7.08 
513.75 	6.13 	7.16 	7.08 
514.00 	6.13 	7.07 	7.08 
514.25 	6.13 	7.20 	7.08 
514.50 	6.13 	7.14 	7.08 
514.75 	6.13 	7.07 	7.08 
515.00 	6.13 	6.98 	7.07 
515.25 	6.13 	7.07 	7.08 
515.50 	6.13 	7.04 	7.07 
515.75 	6.13 	7.02 	7.07 
516.00 	6.13 	7.16 	7.07 
516.25 	6.13 	7.13 	7.06 
516.50 	6.13 	6.96 	7.07 
516.75 	6.13 	7.06 	7.07 
517.00 	6.13 	6.95 	7.07 
517.25 	6.13 	7.16 	7.07 
517.50 	6.13 	7.05 	7.07 
517.75 	6.13 	7.13 	7.07 
518.00 	6.13 	7.04 	7.06 
518.25 	6.13 	6.98 	7.06 
518.50 	6.13 	7.03 	7.06 
518.75 	6.13 	7.15 	7.06 
519.00 	6.13 	6.99 	7.06 
519.25 	6.13 	7.12 	7.05 
519.50 	6.13 	6.94 	7.05 
519.75 	6.13 	6.92 	7.04 
520.00 	6.13 	7.18 	7.04 
520.25 	6.13 	6.96 	7.04 
520.50 	6.13 	7.02 	7.04 
520.75 	6.13 	7.01 	7.04 
521.00 	6.13 	7.01 	7.04 
521.25 	6.13 	7.18 	7.03 
521.50 	6.13 	7.13 	7.03 
521.75 	6.13 	7.15 	7.03 
522.00 	6.13 	6.97 	7.03 
522.25 	6.13 	7.02 	7.02 
522.50 	6.13 	7.11 	7.02 
522.75 	6.13 	7.02 	7.02 
523.00 	6.13 	6.99 	7.02 
523.25 	6.13 	7.03 	7.01 
523.50 	6.13 	7.13 	7.01 
523.75 	6.13 	7.02 	7.01 
524.00 	6.13 	7.03 	7.01 
524.25 	6.13 	6.90 	7.01 
524.50 	6.13 	6.93 	7.01 
524.75 	6.13 	7.02 	7.01 
525.00 	6.13 	6.89 	7.00 
525.25 	6.13 	7.01 	7.00 
525.50 	6.13 	7.04 	7.00 
525.75 	6.13 	7.03 	7.00 
526.00 	6.13 	7.02 	7.00 
526.25 	6.14 	6.95 	6.99 
526.50 	6.13 	6.91 	6.99 
526.75 	6.14 	6.94 	6.98 
527.00 	6.13 	6.98 	6.98 
527.25 	6.13 	6.99 	6.98 
527.50 	6.13 	6.90 	6.97 
527.75 	6.14 	7.05 	6.97 
528.00 	6.13 	6.88 	6.97 
528.25 	6.14 	6.91 	6.96 
528.50 	6.14 	7.02 	6.96 
528.75 	6.14 	7.00 	6.96 
529.00 	6.14 	7.08 	6.96 
529.25 	6.14 	6.95 	6.95 
529.50 	6.14 	6.92 	6.96 
529.75 	6.14 	6.95 	6.95 
530.00 	6.14 	7.02 	6.96 
530.25 	6.14 	6.88 	6.96 
530.50 	6.14 	6.93 	6.95 
530.75 	6.14 	6.95 	6.95 
531.00 	6.14 	6.96 	6.95 
531.25 	6.14 	6.94 	6.95 
531.50 	6.14 	6.96 	6.94 
531.75 	6.14 	6.89 	6.94 
532.00 	6.14 	6.91 	6.94 
532.25 	6.14 	6.96 	6.94 
532.50 	6.14 	6.96 	6.94 
532.75 	6.14 	6.94 	6.94 
533.00 	6.14 	6.84 	6.94 
533.25 	6.14 	6.96 	6.94 
533.50 	6.14 	6.95 	6.94 
533.75 	6.14 	6.96 	6.94 
534.00 	6.14 	6.86 	6.94 
534.25 	6.14 	6.95 	6.94 
534.50 	6.14 	6.94 	6.94 
534.75 	6.14 	7.02 	6.93 
535.00 	6.14 	7.06 	6.93 
535.25 	6.14 	6.83 	6.93 
535.50 	6.14 	6.94 	6.93 
535.75 	6.14 	6.86 	6.93 
536.00 	6.14 	6.93 	6.93 
536.25 	6.14 	6.82 	6.93 
536.50 	6.14 	6.93 	6.92 
536.75 	6.14 	6.85 	6.92 
537.00 	6.14 	7.03 	6.92 
537.25 	6.14 	6.90 	6.92 
537.50 	6.14 	6.93 	6.92 
537.75 	6.14 	7.03 	6.91 
538.00 	6.14 	6.91 	6.91 
538.25 	6.14 	7.03 	6.91 
538.50 	6.15 	6.97 	6.91 
538.75 	6.14 	6.91 	6.91 
539.00 	6.15 	6.91 	6.91 
539.25 	6.15 	6.91 	6.90 
539.50 	6.15 	6.89 	6.90 
539.75 	6.15 	6.84 	6.90 
540.00 	6.14 	6.86 	6.89 
540.25 	6.14 	6.95 	6.90 
540.50 	6.15 	6.94 	6.90 
540.75 	6.15 	6.89 	6.90 
541.00 	6.14 	6.89 	6.89 
541.25 	6.15 	6.81 	6.90 
541.50 	6.15 	6.98 	6.89 
541.75 	6.15 	6.90 	6.89 
542.00 	6.15 	6.82 	6.89 
542.25 	6.15 	6.82 	6.89 
542.50 	6.15 	6.84 	6.89 
542.75 	6.15 	6.79 	6.89 
543.00 	6.15 	6.85 	6.89 
543.25 	6.15 	6.90 	6.88 
543.50 	6.15 	6.85 	6.88 
543.75 	6.15 	6.88 	6.88 
544.00 	6.15 	6.86 	6.87 
544.25 	6.15 	6.89 	6.87 
544.50 	6.15 	6.84 	6.87 
544.75 	6.15 	6.89 	6.87 
545.00 	6.15 	6.94 	6.87 
545.25 	6.16 	6.98 	6.87 
545.50 	6.15 	6.80 	6.86 
545.75 	6.15 	6.84 	6.86 
546.00 	6.16 	6.89 	6.86 
546.25 	6.15 	6.84 	6.86 
546.50 	6.15 	6.87 	6.86 
546.75 	6.15 	6.97 	6.85 
547.00 	6.15 	6.80 	6.85 
547.25 	6.15 	6.96 	6.85 
547.50 	6.16 	6.94 	6.85 
547.75 	6.16 	6.86 	6.85 
548.00 	6.16 	6.81 	6.85 
548.25 	6.16 	6.75 	6.85 
548.50 	6.16 	6.96 	6.84 
548.75 	6.16 	6.85 	6.84 
549.00 	6.16 	6.81 	6.84 
549.25 	6.16 	6.81 	6.84 
549.50 	6.16 	6.87 	6.84 
549.75 	6.16 	6.80 	6.84 
550.00 	6.16 	6.90 	6.84 
550.25 	6.16 	6.80 	6.84 
550.50 	6.16 	6.83 	6.83 
550.75 	6.15 	6.81 	6.83 
551.00 	6.16 	6.87 	6.83 
551.25 	6.16 	6.72 	6.83 
551.50 	6.16 	6.71 	6.83 
551.75 	6.16 	6.76 	6.83 
552.00 	6.16 	6.82 	6.83 
552.25 	6.16 	6.78 	6.83 
552.50 	6.16 	6.83 	6.82 
552.75 	6.16 	6.77 	6.82 
553.00 	6.16 	6.84 	6.82 
553.25 	6.16 	6.70 	6.82 
553.50 	6.16 	6.84 	6.81 
553.75 	6.16 	6.89 	6.81 
554.00 	6.16 	6.90 	6.81 
554.25 	6.16 	6.91 	6.81 
554.50 	6.16 	6.85 	6.81 
554.75 	6.16 	6.88 	6.81 
555.00 	6.16 	6.78 	6.81 
555.25 	6.16 	6.75 	6.80 
555.50 	6.16 	6.80 	6.80 
555.75 	6.16 	6.95 	6.80 
556.00 	6.16 	6.78 	6.80 
556.25 	6.16 	6.86 	6.80 
556.50 	6.16 	6.83 	6.80 
556.75 	6.16 	6.77 	6.79 
557.00 	6.16 	6.85 	6.79 
557.25 	6.16 	6.78 	6.79 
557.50 	6.16 	6.76 	6.79 
557.75 	6.16 	6.85 	6.78 
558.00 	6.16 	6.76 	6.78 
558.25 	6.16 	6.73 	6.78 
558.50 	6.16 	6.75 	6.78 
558.75 	6.16 	6.76 	6.78 
559.00 	6.16 	6.87 	6.77 
559.25 	6.16 	6.87 	6.76 
559.50 	6.16 	6.85 	6.76 
559.75 	6.16 	6.69 	6.76 
560.00 	6.16 	6.67 	6.75 
560.25 	6.16 	6.72 	6.75 
560.50 	6.16 	6.84 	6.75 
560.75 	6.16 	6.68 	6.75 
561.00 	6.16 	6.70 	6.75 
561.25 	6.16 	6.75 	6.74 
561.50 	6.16 	6.59 	6.74 
561.75 	6.16 	6.80 	6.74 
562.00 	6.16 	6.66 	6.73 
562.25 	6.16 	6.71 	6.73 
562.50 	6.16 	6.68 	6.73 
562.75 	6.16 	6.66 	6.73 
563.00 	6.16 	6.86 	6.73 
563.25 	6.16 	6.78 	6.73 
563.50 	6.16 	6.64 	6.73 
563.75 	6.16 	6.67 	6.73 
564.00 	6.16 	6.71 	6.72 
564.25 	6.16 	6.68 	6.72 
564.50 	6.16 	6.75 	6.71 
564.75 	6.16 	6.67 	6.71 
565.00 	6.16 	6.73 	6.72 
565.25 	6.16 	6.73 	6.72 
565.50 	6.16 	6.73 	6.71 
565.75 	6.16 	6.80 	6.71 
566.00 	6.16 	6.65 	6.71 
566.25 	6.16 	6.75 	6.71 
566.50 	6.16 	6.70 	6.71 
566.75 	6.16 	6.66 	6.71 
567.00 	6.16 	6.76 	6.71 
567.25 	6.16 	6.81 	6.71 
567.50 	6.16 	6.66 	6.71 
567.75 	6.16 	6.63 	6.71 
568.00 	6.16 	6.79 	6.71 
568.25 	6.16 	6.76 	6.71 
568.50 	6.16 	6.74 	6.70 
568.75 	6.16 	6.65 	6.70 
569.00 	6.16 	6.70 	6.70 
569.25 	6.16 	6.67 	6.70 
569.50 	6.16 	6.73 	6.70 
569.75 	6.16 	6.78 	6.70 
570.00 	6.16 	6.66 	6.70 
570.25 	6.16 	6.70 	6.69 
570.50 	6.15 	6.64 	6.69 
570.75 	6.15 	6.69 	6.68 
571.00 	6.15 	6.75 	6.68 
571.25 	6.16 	6.65 	6.68 
571.50 	6.16 	6.73 	6.67 
571.75 	6.16 	6.75 	6.67 
572.00 	6.15 	6.77 	6.67 
572.25 	6.15 	6.59 	6.67 
572.50 	6.15 	6.77 	6.66 
572.75 	6.15 	6.64 	6.66 
573.00 	6.16 	6.64 	6.66 
573.25 	6.15 	6.58 	6.65 
573.50 	6.15 	6.63 	6.65 
573.75 	6.15 	6.62 	6.65 
574.00 	6.15 	6.62 	6.65 
574.25 	6.15 	6.64 	6.65 
574.50 	6.15 	6.65 	6.65 
574.75 	6.15 	6.70 	6.64 
575.00 	6.15 	6.53 	6.64 
575.25 	6.15 	6.61 	6.63 
575.50 	6.15 	6.61 	6.63 
575.75 	6.15 	6.62 	6.63 
576.00 	6.15 	6.62 	6.63 
576.25 	6.15 	6.53 	6.62 
576.50 	6.15 	6.61 	6.62 
576.75 	6.15 	6.68 	6.62 
577.00 	6.15 	6.69 	6.62 
577.25 	6.15 	6.53 	6.61 
577.50 	6.15 	6.62 	6.61 
577.75 	6.15 	6.57 	6.61 
578.00 	6.15 	6.62 	6.60 
578.25 	6.15 	6.56 	6.60 
578.50 	6.15 	6.66 	6.60 
578.75 	6.15 	6.68 	6.60 
579.00 	6.14 	6.70 	6.60 
579.25 	6.15 	6.60 	6.59 
579.50 	6.15 	6.59 	6.59 
579.75 	6.15 	6.55 	6.59 
580.00 	6.14 	6.55 	6.59 
580.25 	6.14 	6.55 	6.59 
580.50 	6.14 	6.56 	6.58 
580.75 	6.14 	6.59 	6.58 
581.00 	6.14 	6.60 	6.58 
581.25 	6.15 	6.63 	6.57 
581.50 	6.14 	6.72 	6.57 
581.75 	6.14 	6.55 	6.57 
582.00 	6.14 	6.54 	6.56 
582.25 	6.14 	6.56 	6.56 
582.50 	6.14 	6.54 	6.56 
582.75 	6.14 	6.54 	6.56 
583.00 	6.14 	6.59 	6.56 
583.25 	6.14 	6.55 	6.56 
583.50 	6.14 	6.55 	6.55 
583.75 	6.14 	6.45 	6.55 
584.00 	6.14 	6.59 	6.54 
584.25 	6.14 	6.59 	6.54 
584.50 	6.14 	6.51 	6.54 
584.75 	6.14 	6.53 	6.54 
585.00 	6.14 	6.51 	6.54 
585.25 	6.14 	6.50 	6.53 
585.50 	6.14 	6.50 	6.53 
585.75 	6.14 	6.51 	6.53 
586.00 	6.14 	6.44 	6.53 
586.25 	6.14 	6.41 	6.52 
586.50 	6.14 	6.53 	6.51 
586.75 	6.14 	6.46 	6.51 
587.00 	6.14 	6.63 	6.51 
587.25 	6.14 	6.61 	6.51 
587.50 	6.14 	6.50 	6.51 
587.75 	6.13 	6.59 	6.51 
588.00 	6.13 	6.47 	6.50 
588.25 	6.13 	6.59 	6.50 
588.50 	6.13 	6.42 	6.50 
588.75 	6.13 	6.41 	6.50 
589.00 	6.13 	6.55 	6.49 
589.25 	6.13 	6.56 	6.49 
589.50 	6.13 	6.44 	6.49 
589.75 	6.13 	6.53 	6.49 
590.00 	6.13 	6.45 	6.49 
590.25 	6.13 	6.48 	6.48 
590.50 	6.13 	6.42 	6.48 
590.75 	6.13 	6.56 	6.48 
591.00 	6.13 	6.47 	6.48 
591.25 	6.13 	6.41 	6.48 
591.50 	6.12 	6.55 	6.47 
591.75 	6.13 	6.53 	6.48 
592.00 	6.13 	6.45 	6.47 
592.25 	6.13 	6.46 	6.46 
592.50 	6.13 	6.46 	6.46 
592.75 	6.13 	6.50 	6.45 
593.00 	6.12 	6.42 	6.45 
593.25 	6.12 	6.52 	6.45 
593.50 	6.12 	6.39 	6.44 
593.75 	6.12 	6.32 	6.44 
594.00 	6.12 	6.54 	6.44 
594.25 	6.12 	6.42 	6.43 
594.50 	6.12 	6.45 	6.43 
594.75 	6.12 	6.50 	6.43 
595.00 	6.12 	6.44 	6.43 
595.25 	6.12 	6.49 	6.42 
595.50 	6.12 	6.42 	6.42 
595.75 	6.12 	6.41 	6.42 
596.00 	6.12 	6.34 	6.42 
596.25 	6.12 	6.36 	6.42 
596.50 	6.12 	6.51 	6.41 
596.75 	6.11 	6.44 	6.41 
597.00 	6.12 	6.33 	6.41 
597.25 	6.11 	6.34 	6.41 
597.50 	6.12 	6.37 	6.40 
597.75 	6.11 	6.39 	6.39 
598.00 	6.11 	6.36 	6.39 
598.25 	6.11 	6.32 	6.39 
598.50 	6.11 	6.44 	6.38 
598.75 	6.11 	6.30 	6.38 
599.00 	6.11 	6.32 	6.38 
599.25 	6.11 	6.31 	6.38 
599.50 	6.11 	6.48 	6.37 
599.75 	6.11 	6.41 	6.37 
600.00 	6.11 	6.37 	6.36 
600.25 	6.11 	6.36 	6.36 
600.50 	6.11 	6.50 	6.35 
600.75 	6.11 	6.46 	6.35 
601.00 	6.11 	6.31 	6.35 
601.25 	6.11 	6.35 	6.35 
601.50 	6.11 	6.36 	6.34 
601.75 	6.11 	6.47 	6.34 
602.00 	6.11 	6.37 	6.33 
602.25 	6.11 	6.31 	6.33 
602.50 	6.11 	6.24 	6.33 
602.75 	6.11 	6.26 	6.33 
603.00 	6.11 	6.34 	6.33 
603.25 	6.11 	6.25 	6.33 
603.50 	6.10 	6.30 	6.33 
603.75 	6.10 	6.34 	6.33 
604.00 	6.10 	6.34 	6.33 
604.25 	6.11 	6.30 	6.33 
604.50 	6.10 	6.28 	6.32 
604.75 	6.10 	6.32 	6.32 
605.00 	6.10 	6.38 	6.32 
605.25 	6.10 	6.21 	6.32 
605.50 	6.10 	6.35 	6.31 
605.75 	6.10 	6.33 	6.31 
606.00 	6.10 	6.20 	6.31 
606.25 	6.10 	6.21 	6.30 
606.50 	6.10 	6.27 	6.30 
606.75 	6.10 	6.20 	6.30 
607.00 	6.10 	6.25 	6.29 
607.25 	6.10 	6.39 	6.29 
607.50 	6.10 	6.38 	6.29 
607.75 	6.10 	6.27 	6.29 
608.00 	6.10 	6.35 	6.29 
608.25 	6.10 	6.38 	6.29 
608.50 	6.09 	6.41 	6.29 
608.75 	6.10 	6.39 	6.28 
609.00 	6.09 	6.22 	6.28 
609.25 	6.09 	6.28 	6.28 
609.50 	6.09 	6.34 	6.28 
609.75 	6.09 	6.23 	6.27 
610.00 	6.09 	6.24 	6.27 
610.25 	6.09 	6.27 	6.27 
610.50 	6.09 	6.31 	6.26 
610.75 	6.09 	6.25 	6.26 
611.00 	6.08 	6.27 	6.26 
611.25 	6.08 	6.24 	6.26 
611.50 	6.08 	6.24 	6.26 
611.75 	6.08 	6.28 	6.26 
612.00 	6.08 	6.19 	6.26 
612.25 	6.08 	6.31 	6.25 
612.50 	6.08 	6.16 	6.25 
612.75 	6.08 	6.32 	6.24 
613.00 	6.08 	6.21 	6.24 
613.25 	6.08 	6.23 	6.24 
613.50 	6.08 	6.23 	6.23 
613.75 	6.08 	6.25 	6.23 
614.00 	6.08 	6.19 	6.22 
614.25 	6.08 	6.19 	6.22 
614.50 	6.08 	6.28 	6.22 
614.75 	6.07 	6.17 	6.22 
615.00 	6.07 	6.11 	6.22 
615.25 	6.07 	6.22 	6.21 
615.50 	6.07 	6.26 	6.21 
615.75 	6.07 	6.19 	6.21 
616.00 	6.07 	6.29 	6.21 
616.25 	6.07 	6.11 	6.20 
616.50 	6.07 	6.31 	6.20 
616.75 	6.07 	6.17 	6.20 
617.00 	6.07 	6.11 	6.20 
617.25 	6.07 	6.21 	6.19 
617.50 	6.07 	6.11 	6.19 
617.75 	6.07 	6.20 	6.19 
618.00 	6.07 	6.18 	6.19 
618.25 	6.07 	6.18 	6.19 
618.50 	6.07 	6.29 	6.18 
618.75 	6.07 	6.12 	6.18 
619.00 	6.06 	6.18 	6.18 
619.25 	6.06 	6.27 	6.18 
619.50 	6.06 	6.23 	6.17 
619.75 	6.06 	6.14 	6.17 
620.00 	6.06 	6.17 	6.17 
620.25 	6.06 	6.26 	6.16 
620.50 	6.06 	6.12 	6.16 
620.75 	6.06 	6.18 	6.16 
621.00 	6.06 	6.16 	6.15 
621.25 	6.06 	6.12 	6.16 
621.50 	6.06 	6.23 	6.15 
621.75 	6.06 	6.11 	6.15 
622.00 	6.06 	6.17 	6.15 
622.25 	6.06 	6.13 	6.14 
622.50 	6.05 	6.19 	6.14 
622.75 	6.05 	6.18 	6.14 
623.00 	6.05 	6.13 	6.14 
623.25 	6.05 	6.07 	6.14 
623.50 	6.05 	6.24 	6.13 
623.75 	6.06 	6.11 	6.13 
624.00 	6.05 	6.11 	6.13 
624.25 	6.05 	6.04 	6.12 
624.50 	6.05 	6.04 	6.12 
624.75 	6.05 	6.04 	6.12 
625.00 	6.05 	6.10 	6.11 
625.25 	6.05 	6.12 	6.11 
625.50 	6.05 	6.14 	6.10 
625.75 	6.05 	6.11 	6.10 
626.00 	6.05 	6.13 	6.10 
626.25 	6.05 	6.10 	6.10 
626.50 	6.04 	6.11 	6.09 
626.75 	6.05 	6.08 	6.09 
627.00 	6.05 	6.04 	6.09 
627.25 	6.04 	6.13 	6.09 
627.50 	6.04 	6.19 	6.08 
627.75 	6.04 	6.08 	6.08 
628.00 	6.04 	6.07 	6.08 
628.25 	6.04 	6.07 	6.08 
628.50 	6.04 	6.04 	6.07 
628.75 	6.04 	6.07 	6.07 
629.00 	6.04 	6.13 	6.07 
629.25 	6.04 	6.06 	6.07 
629.50 	6.04 	6.03 	6.07 
629.75 	6.04 	6.02 	6.07 
630.00 	6.04 	6.04 	6.06 
630.25 	6.04 	6.00 	6.06 
630.50 	6.04 	6.06 	6.06 
630.75 	6.04 	6.09 	6.06 
631.00 	6.04 	6.08 	6.06 
631.25 	6.04 	6.03 	6.06 
631.50 	6.04 	6.04 	6.06 
631.75 	6.04 	5.99 	6.06 
632.00 	6.04 	6.11 	6.06 
632.25 	6.04 	6.02 	6.05 
632.50 	6.03 	6.13 	6.05 
632.75 	6.03 	6.14 	6.05 
633.00 	6.03 	6.01 	6.05 
633.25 	6.03 	6.04 	6.05 
633.50 	6.03 	5.99 	6.04 
633.75 	6.03 	6.05 	6.04 
634.00 	6.03 	6.02 	6.04 
634.25 	6.03 	6.02 	6.04 
634.50 	6.03 	5.96 	6.04 
634.75 	6.03 	6.03 	6.04 
635.00 	6.02 	6.02 	6.04 
635.25 	6.03 	6.00 	6.04 
635.50 	6.03 	6.14 	6.03 
635.75 	6.03 	6.09 	6.03 
636.00 	6.02 	6.01 	6.03 
636.25 	6.02 	6.09 	6.03 
636.50 	6.02 	6.08 	6.03 
636.75 	6.02 	6.07 	6.03 
637.00 	6.02 	6.04 	6.03 
637.25 	6.02 	6.00 	6.02 
637.50 	6.02 	6.10 	6.02 
637.75 	6.02 	5.97 	6.02 
638.00 	6.02 	6.00 	6.02 
638.25 	6.02 	5.92 	6.02 
638.50 	6.02 	5.90 	6.02 
638.75 	6.02 	6.07 	6.01 
639.00 	6.02 	5.99 	6.01 
639.25 	6.02 	6.11 	6.01 
639.50 	6.02 	6.01 	6.01 
639.75 	6.02 	5.99 	6.01 
640.00 	6.02 	5.99 	6.00 
640.25 	6.02 	5.94 	6.00 
640.50 	6.02 	6.07 	6.00 
640.75 	6.01 	6.09 	5.99 
641.00 	6.02 	5.90 	5.99 
641.25 	6.01 	5.95 	5.99 
641.50 	6.02 	5.98 	5.98 
641.75 	6.01 	6.07 	5.98 
642.00 	6.01 	5.97 	5.98 
642.25 	6.02 	5.95 	5.98 
642.50 	6.01 	5.98 	5.97 
642.75 	6.01 	6.05 	5.97 
643.00 	6.01 	6.06 	5.97 
643.25 	6.01 	5.98 	5.97 
643.50 	6.01 	5.95 	5.97 
643.75 	6.01 	5.97 	5.96 
644.00 	6.01 	5.96 	5.96 
644.25 	6.01 	5.89 	5.96 
644.50 	6.01 	5.89 	5.95 
644.75 	6.01 	5.90 	5.95 
645.00 	6.01 	5.91 	5.95 
645.25 	6.01 	5.94 	5.95 
645.50 	6.01 	5.97 	5.94 
645.75 	6.01 	5.93 	5.94 
646.00 	6.00 	6.03 	5.94 
646.25 	6.00 	5.93 	5.94 
646.50 	6.01 	5.91 	5.93 
646.75 	6.01 	6.00 	5.93 
647.00 	6.01 	5.91 	5.93 
647.25 	6.01 	5.93 	5.93 
647.50 	6.00 	5.87 	5.93 
647.75 	6.00 	5.89 	5.92 
648.00 	6.00 	6.00 	5.92 
648.25 	6.00 	5.86 	5.92 
648.50 	6.00 	5.92 	5.92 
648.75 	6.00 	5.93 	5.91 
649.00 	6.00 	5.91 	5.91 
649.25 	6.00 	5.80 	5.91 
649.50 	6.00 	5.84 	5.91 
649.75 	6.00 	5.91 	5.91 
650.00 	6.00 	5.89 	5.91 
650.25 	6.00 	5.99 	5.91 
650.50 	6.00 	5.96 	5.91 
650.75 	6.00 	5.89 	5.90 
651.00 	6.00 	5.83 	5.90 
651.25 	6.00 	5.83 	5.90 
651.50 	6.00 	5.96 	5.89 
651.75 	6.00 	5.90 	5.89 
652.00 	6.00 	5.99 	5.89 
652.25 	6.00 	5.87 	5.89 
652.50 	6.00 	5.94 	5.88 
652.75 	6.00 	5.91 	5.88 
653.00 	6.00 	5.81 	5.88 
653.25 	6.00 	5.96 	5.88 
653.50 	6.00 	5.88 	5.88 
653.75 	6.00 	5.89 	5.88 
654.00 	6.00 	5.87 	5.88 
654.25 	5.99 	5.87 	5.88 
654.50 	6.00 	5.91 	5.87 
654.75 	5.99 	5.87 	5.87 
655.00 	5.99 	5.88 	5.87 
655.25 	5.99 	5.94 	5.87 
655.50 	5.99 	5.81 	5.86 
655.75 	5.99 	5.79 	5.86 
656.00 	5.99 	5.86 	5.86 
656.25 	5.99 	5.79 	5.86 
656.50 	5.99 	5.83 	5.85 
656.75 	5.99 	5.81 	5.85 
657.00 	5.99 	5.86 	5.85 
657.25 	5.99 	5.86 	5.85 
657.50 	5.99 	5.90 	5.84 
657.75 	5.99 	5.83 	5.84 
658.00 	5.98 	5.81 	5.84 
658.25 	5.98 	5.82 	5.84 
658.50 	5.98 	5.87 	5.84 
658.75 	5.98 	5.94 	5.84 
659.00 	5.98 	5.81 	5.84 
659.25 	5.98 	5.78 	5.84 
659.50 	5.98 	5.82 	5.84 
659.75 	5.98 	5.80 	5.84 
660.00 	5.98 	5.87 	5.84 
660.25 	5.98 	5.82 	5.83 
660.50 	5.98 	5.84 	5.83 
660.75 	5.98 	5.80 	5.83 
661.00 	5.98 	5.74 	5.83 
661.25 	5.98 	5.79 	5.83 
661.50 	5.98 	5.82 	5.83 
661.75 	5.98 	5.84 	5.83 
662.00 	5.98 	5.78 	5.83 
662.25 	5.97 	5.81 	5.83 
662.50 	5.98 	5.83 	5.83 
662.75 	5.98 	5.91 	5.83 
663.00 	5.97 	5.82 	5.83 
663.25 	5.97 	5.89 	5.83 
663.50 	5.97 	5.81 	5.82 
663.75 	5.97 	5.91 	5.82 
664.00 	5.97 	5.90 	5.82 
664.25 	5.97 	5.81 	5.82 
664.50 	5.97 	5.84 	5.82 
664.75 	5.97 	5.85 	5.82 
665.00 	5.97 	5.80 	5.82 
665.25 	5.97 	5.79 	5.82 
665.50 	5.97 	5.78 	5.82 
665.75 	5.97 	5.90 	5.81 
666.00 	5.97 	5.79 	5.81 
666.25 	5.97 	5.82 	5.81 
666.50 	5.97 	5.75 	5.81 
666.75 	5.97 	5.89 	5.81 
667.00 	5.97 	5.87 	5.81 
667.25 	5.97 	5.79 	5.81 
667.50 	5.97 	5.87 	5.81 
667.75 	5.97 	5.79 	5.80 
668.00 	5.97 	5.67 	5.80 
668.25 	5.97 	5.78 	5.80 
668.50 	5.97 	5.89 	5.80 
668.75 	5.97 	5.83 	5.79 
669.00 	5.97 	5.83 	5.79 
669.25 	5.97 	5.76 	5.79 
669.50 	5.97 	5.81 	5.78 
669.75 	5.96 	5.79 	5.78 
670.00 	5.96 	5.69 	5.78 
670.25 	5.97 	5.77 	5.78 
670.50 	5.96 	5.66 	5.78 
670.75 	5.96 	5.79 	5.77 
671.00 	5.96 	5.75 	5.77 
671.25 	5.96 	5.73 	5.77 
671.50 	5.96 	5.75 	5.77 
671.75 	5.96 	5.83 	5.76 
672.00 	5.96 	5.82 	5.76 
672.25 	5.96 	5.78 	5.75 
672.50 	5.96 	5.77 	5.75 
672.75 	5.96 	5.80 	5.75 
673.00 	5.96 	5.73 	5.75 
673.25 	5.96 	5.71 	5.74 
673.50 	5.96 	5.74 	5.74 
673.75 	5.96 	5.71 	5.73 
674.00 	5.96 	5.71 	5.73 
674.25 	5.96 	5.72 	5.73 
674.50 	5.96 	5.75 	5.73 
674.75 	5.96 	5.72 	5.73 
675.00 	5.96 	5.81 	5.73 
675.25 	5.96 	5.71 	5.73 
675.50 	5.96 	5.72 	5.73 
675.75 	5.96 	5.67 	5.73 
676.00 	5.95 	5.75 	5.73 
676.25 	5.95 	5.72 	5.73 
676.50 	5.95 	5.74 	5.73 
676.75 	5.95 	5.71 	5.73 
677.00 	5.95 	5.68 	5.73 
677.25 	5.95 	5.60 	5.73 
677.50 	5.95 	5.71 	5.72 
677.75 	5.95 	5.74 	5.72 
678.00 	5.95 	5.61 	5.72 
678.25 	5.95 	5.70 	5.72 
678.50 	5.95 	5.62 	5.72 
678.75 	5.95 	5.81 	5.72 
679.00 	5.95 	5.76 	5.72 
679.25 	5.95 	5.72 	5.72 
679.50 	5.95 	5.76 	5.71 
679.75 	5.95 	5.72 	5.72 
680.00 	5.95 	5.78 	5.71 
680.25 	5.95 	5.75 	5.71 
680.50 	5.95 	5.67 	5.71 
680.75 	5.95 	5.75 	5.71 
681.00 	5.95 	5.82 	5.71 
681.25 	5.94 	5.77 	5.71 
681.50 	5.94 	5.76 	5.70 
681.75 	5.94 	5.71 	5.70 
682.00 	5.95 	5.70 	5.70 
682.25 	5.94 	5.68 	5.70 
682.50 	5.95 	5.71 	5.70 
682.75 	5.94 	5.67 	5.70 
683.00 	5.94 	5.77 	5.70 
683.25 	5.94 	5.67 	5.70 
683.50 	5.94 	5.63 	5.70 
683.75 	5.94 	5.74 	5.70 
684.00 	5.94 	5.71 	5.69 
684.25 	5.94 	5.64 	5.69 
684.50 	5.94 	5.75 	5.69 
684.75 	5.94 	5.62 	5.69 
685.00 	5.94 	5.63 	5.69 
685.25 	5.94 	5.75 	5.68 
685.50 	5.94 	5.68 	5.68 
685.75 	5.94 	5.79 	5.68 
686.00 	5.94 	5.57 	5.67 
686.25 	5.94 	5.61 	5.67 
686.50 	5.94 	5.67 	5.67 
686.75 	5.94 	5.61 	5.67 
687.00 	5.94 	5.66 	5.66 
687.25 	5.93 	5.66 	5.66 
687.50 	5.93 	5.62 	5.66 
687.75 	5.93 	5.63 	5.66 
688.00 	5.93 	5.65 	5.66 
688.25 	5.93 	5.74 	5.66 
688.50 	5.93 	5.68 	5.66 
688.75 	5.93 	5.65 	5.65 
689.00 	5.93 	5.69 	5.65 
689.25 	5.93 	5.64 	5.64 
689.50 	5.93 	5.71 	5.64 
689.75 	5.93 	5.66 	5.64 
690.00 	5.93 	5.62 	5.63 
690.25 	5.93 	5.63 	5.63 
690.50 	5.93 	5.64 	5.63 
690.75 	5.93 	5.59 	5.62 
691.00 	5.93 	5.57 	5.62 
691.25 	5.93 	5.64 	5.62 
691.50 	5.93 	5.68 	5.62 
691.75 	5.93 	5.61 	5.62 
692.00 	5.93 	5.63 	5.62 
692.25 	5.93 	5.62 	5.62 
692.50 	5.93 	5.73 	5.62 
692.75 	5.93 	5.60 	5.62 
693.00 	5.93 	5.63 	5.61 
693.25 	5.93 	5.62 	5.61 
693.50 	5.93 	5.58 	5.61 
693.75 	5.93 	5.50 	5.61 
694.00 	5.92 	5.52 	5.60 
694.25 	5.93 	5.52 	5.60 
694.50 	5.92 	5.60 	5.60 
694.75 	5.92 	5.59 	5.60 
695.00 	5.92 	5.50 	5.60 
695.25 	5.92 	5.55 	5.59 
695.50 	5.92 	5.56 	5.59 
695.75 	5.92 	5.60 	5.59 
696.00 	5.92 	5.69 	5.59 
696.25 	5.92 	5.68 	5.59 
696.50 	5.92 	5.50 	5.58 
696.75 	5.92 	5.70 	5.58 
697.00 	5.92 	5.58 	5.58 
697.25 	5.92 	5.63 	5.58 
697.50 	5.92 	5.58 	5.57 
697.75 	5.91 	5.49 	5.57 
698.00 	5.92 	5.60 	5.57 
698.25 	5.91 	5.60 	5.57 
698.50 	5.91 	5.53 	5.57 
698.75 	5.91 	5.60 	5.57 
699.00 	5.91 	5.57 	5.57 
699.25 	5.91 	5.60 	5.57 
699.50 	5.91 	5.58 	5.57 
699.75 	5.91 	5.59 	5.56 
700.00 	5.91 	5.55 	5.56 
700.25 	5.91 	5.57 	5.57 
700.50 	5.91 	5.48 	5.57 
700.75 	5.91 	5.57 	5.56 
701.00 	5.91 	5.55 	5.56 
701.25 	5.91 	5.59 	5.56 
701.50 	5.91 	5.57 	5.56 
701.75 	5.91 	5.57 	5.56 
702.00 	5.90 	5.52 	5.56 
702.25 	5.91 	5.48 	5.56 
702.50 	5.91 	5.54 	5.56 
702.75 	5.90 	5.52 	5.56 
703.00 	5.90 	5.55 	5.56 
703.25 	5.90 	5.54 	5.56 
703.50 	5.90 	5.53 	5.55 
703.75 	5.90 	5.57 	5.55 
704.00 	5.90 	5.55 	5.55 
704.25 	5.90 	5.55 	5.55 
704.50 	5.90 	5.51 	5.54 
704.75 	5.90 	5.50 	5.54 
705.00 	5.90 	5.63 	5.54 
705.25 	5.90 	5.50 	5.54 
705.50 	5.90 	5.58 	5.53 
705.75 	5.89 	5.60 	5.53 
706.00 	5.89 	5.50 	5.53 
706.25 	5.90 	5.59 	5.53 
706.50 	5.89 	5.64 	5.53 
706.75 	5.89 	5.56 	5.53 
707.00 	5.89 	5.60 	5.53 
707.25 	5.89 	5.54 	5.53 
707.50 	5.89 	5.58 	5.52 
707.75 	5.89 	5.56 	5.52 
708.00 	5.89 	5.58 	5.52 
708.25 	5.89 	5.44 	5.52 
708.50 	5.89 	5.47 	5.52 
708.75 	5.89 	5.55 	5.52 
709.00 	5.89 	5.43 	5.52 
709.25 	5.89 	5.44 	5.51 
709.50 	5.89 	5.53 	5.51 
709.75 	5.89 	5.47 	5.51 
710.00 	5.89 	5.47 	5.51 
710.25 	5.89 	5.40 	5.51 
710.50 	5.88 	5.46 	5.50 
710.75 	5.89 	5.49 	5.50 
711.00 	5.88 	5.57 	5.50 
711.25 	5.88 	5.49 	5.50 
711.50 	5.88 	5.48 	5.49 
711.75 	5.88 	5.57 	5.49 
712.00 	5.88 	5.43 	5.49 
712.25 	5.88 	5.46 	5.49 
712.50 	5.88 	5.47 	5.48 
712.75 	5.88 	5.51 	5.48 
713.00 	5.88 	5.53 	5.48 
713.25 	5.88 	5.49 	5.48 
713.50 	5.88 	5.55 	5.48 
713.75 	5.88 	5.49 	5.48 
714.00 	5.88 	5.45 	5.48 
714.25 	5.88 	5.46 	5.47 
714.50 	5.88 	5.44 	5.47 
714.75 	5.88 	5.39 	5.47 
715.00 	5.88 	5.46 	5.47 
715.25 	5.88 	5.48 	5.47 
715.50 	5.87 	5.48 	5.47 
715.75 	5.87 	5.55 	5.47 
716.00 	5.87 	5.52 	5.47 
716.25 	5.87 	5.36 	5.47 
716.50 	5.87 	5.46 	5.47 
716.75 	5.87 	5.54 	5.47 
717.00 	5.87 	5.55 	5.47 
717.25 	5.87 	5.45 	5.47 
717.50 	5.87 	5.49 	5.47 
717.75 	5.87 	5.42 	5.47 
718.00 	5.87 	5.42 	5.47 
718.25 	5.87 	5.41 	5.46 
718.50 	5.87 	5.50 	5.46 
718.75 	5.87 	5.44 	5.46 
719.00 	5.87 	5.39 	5.46 
719.25 	5.87 	5.40 	5.46 
719.50 	5.87 	5.54 	5.46 
719.75 	5.87 	5.54 	5.46 