0.00 	4.39 	4.37 
0.25 	4.27 	4.37 
0.50 	4.36 	4.37 
0.75 	4.39 	4.36 
1.00 	4.37 	4.36 
1.25 	4.38 	4.36 
1.50 	4.37 	4.36 
1.75 	4.32 	4.36 
2.00 	4.32 	4.36 
2.25 	4.37 	4.35 
2.50 	4.41 	4.35 
2.75 	4.31 	4.35 
3.00 	4.39 	4.35 
3.25 	4.39 	4.35 
3.50 	4.33 	4.35 
3.75 	4.34 	4.34 
4.00 	4.40 	4.34 
4.25 	4.40 	4.34 
4.50 	4.36 	4.34 
4.75 	4.37 	4.34 
5.00 	4.31 	4.34 
5.25 	4.30 	4.34 
5.50 	4.24 	4.34 
5.75 	4.31 	4.34 
6.00 	4.28 	4.33 
6.25 	4.30 	4.33 
6.50 	4.39 	4.33 
6.75 	4.30 	4.33 
7.00 	4.40 	4.33 
7.25 	4.33 	4.33 
7.50 	4.32 	4.33 
7.75 	4.37 	4.33 
8.00 	4.27 	4.32 
8.25 	4.26 	4.32 
8.50 	4.28 	4.32 
8.75 	4.33 	4.33 
9.00 	4.30 	4.33 
9.25 	4.36 	4.32 
9.50 	4.31 	4.32 
9.75 	4.30 	4.32 
10.00 	4.35 	4.32 
10.25 	4.30 	4.32 
10.50 	4.35 	4.32 
10.75 	4.29 	4.32 
11.00 	4.30 	4.32 
11.25 	4.27 	4.32 
11.50 	4.26 	4.32 
11.75 	4.30 	4.32 
12.00 	4.39 	4.32 
12.25 	4.36 	4.32 
12.50 	4.30 	4.32 
12.75 	4.28 	4.32 
13.00 	4.40 	4.32 
13.25 	4.39 	4.32 
13.50 	4.40 	4.32 
13.75 	4.36 	4.32 
14.00 	4.30 	4.32 
14.25 	4.28 	4.32 
14.50 	4.27 	4.32 
14.75 	4.29 	4.32 
15.00 	4.35 	4.32 
15.25 	4.36 	4.32 
15.50 	4.38 	4.32 
15.75 	4.31 	4.32 
16.00 	4.29 	4.32 
16.25 	4.30 	4.32 
16.50 	4.29 	4.32 
16.75 	4.23 	4.32 
17.00 	4.37 	4.32 
17.25 	4.30 	4.32 
17.50 	4.29 	4.32 
17.75 	4.31 	4.32 
18.00 	4.42 	4.32 
18.25 	4.29 	4.32 
18.50 	4.35 	4.31 
18.75 	4.32 	4.31 
19.00 	4.25 	4.31 
19.25 	4.39 	4.31 
19.50 	4.26 	4.31 
19.75 	4.30 	4.31 
20.00 	4.31 	4.31 
20.25 	4.30 	4.31 
20.50 	4.32 	4.30 
20.75 	4.37 	4.30 
21.00 	4.36 	4.30 
21.25 	4.31 	4.31 
21.50 	4.28 	4.31 
21.75 	4.36 	4.31 
22.00 	4.28 	4.31 
22.25 	4.33 	4.31 
22.50 	4.33 	4.30 
22.75 	4.29 	4.30 
23.00 	4.28 	4.30 
23.25 	4.24 	4.30 
23.50 	4.37 	4.30 
23.75 	4.26 	4.30 
24.00 	4.27 	4.30 
24.25 	4.28 	4.30 
24.50 	4.27 	4.30 
24.75 	4.30 	4.30 
25.00 	4.28 	4.30 
25.25 	4.27 	4.30 
25.50 	4.29 	4.30 
25.75 	4.27 	4.30 
26.00 	4.37 	4.29 
26.25 	4.33 	4.29 
26.50 	4.29 	4.30 
26.75 	4.25 	4.29 
27.00 	4.29 	4.29 
27.25 	4.24 	4.29 
27.50 	4.30 	4.29 
27.75 	4.25 	4.29 
28.00 	4.34 	4.29 
28.25 	4.34 	4.29 
28.50 	4.28 	4.29 
28.75 	4.37 	4.29 
29.00 	4.30 	4.29 
29.25 	4.27 	4.29 
29.50 	4.27 	4.29 
29.75 	4.26 	4.29 
30.00 	4.27 	4.29 
30.25 	4.35 	4.29 
30.50 	4.26 	4.29 
30.75 	4.32 	4.29 
31.00 	4.29 	4.29 
31.25 	4.35 	4.29 
31.50 	4.25 	4.29 
31.75 	4.29 	4.29 
32.00 	4.24 	4.29 
32.25 	4.32 	4.29 
32.50 	4.26 	4.29 
32.75 	4.25 	4.29 
33.00 	4.29 	4.29 
33.25 	4.27 	4.29 
33.50 	4.35 	4.29 
33.75 	4.31 	4.29 
34.00 	4.27 	4.29 
34.25 	4.32 	4.29 
34.50 	4.27 	4.29 
34.75 	4.23 	4.29 
35.00 	4.28 	4.29 
35.25 	4.27 	4.29 
35.50 	4.35 	4.29 
35.75 	4.26 	4.29 
36.00 	4.27 	4.29 
36.25 	4.37 	4.29 
36.50 	4.27 	4.29 
36.75 	4.29 	4.29 
37.00 	4.23 	4.29 
37.25 	4.25 	4.29 
37.50 	4.35 	4.29 
37.75 	4.35 	4.29 
38.00 	4.26 	4.29 
38.25 	4.26 	4.29 
38.50 	4.34 	4.29 
38.75 	4.26 	4.29 
39.00 	4.34 	4.29 
39.25 	4.33 	4.29 
39.50 	4.24 	4.29 
39.75 	4.33 	4.29 
40.00 	4.34 	4.29 
40.25 	4.20 	4.29 
40.50 	4.29 	4.28 
40.75 	4.26 	4.28 
41.00 	4.27 	4.28 
41.25 	4.33 	4.28 
41.50 	4.26 	4.28 
41.75 	4.35 	4.28 
42.00 	4.33 	4.28 
42.25 	4.30 	4.28 
42.50 	4.36 	4.28 
42.75 	4.27 	4.28 
43.00 	4.22 	4.28 
43.25 	4.24 	4.28 
43.50 	4.25 	4.28 
43.75 	4.33 	4.28 
44.00 	4.26 	4.28 
44.25 	4.27 	4.27 
44.50 	4.22 	4.28 
44.75 	4.28 	4.28 
45.00 	4.20 	4.27 
45.25 	4.23 	4.27 
45.50 	4.25 	4.27 
45.75 	4.24 	4.27 
46.00 	4.35 	4.27 
46.25 	4.28 	4.27 
46.50 	4.25 	4.27 
46.75 	4.33 	4.27 
47.00 	4.30 	4.27 
47.25 	4.22 	4.27 
47.50 	4.26 	4.27 
47.75 	4.33 	4.27 
48.00 	4.25 	4.27 
48.25 	4.26 	4.27 
48.50 	4.23 	4.27 
48.75 	4.25 	4.27 
49.00 	4.26 	4.27 
49.25 	4.32 	4.27 
49.50 	4.34 	4.27 
49.75 	4.25 	4.27 
50.00 	4.26 	4.27 
50.25 	4.26 	4.27 
50.50 	4.25 	4.27 
50.75 	4.30 	4.28 
51.00 	4.23 	4.27 
51.25 	4.32 	4.27 
51.50 	4.32 	4.27 
51.75 	4.25 	4.27 
52.00 	4.24 	4.27 
52.25 	4.33 	4.27 
52.50 	4.25 	4.27 
52.75 	4.31 	4.27 
53.00 	4.26 	4.27 
53.25 	4.34 	4.27 
53.50 	4.23 	4.27 
53.75 	4.28 	4.27 
54.00 	4.24 	4.27 
54.25 	4.24 	4.27 
54.50 	4.26 	4.27 
54.75 	4.26 	4.27 
55.00 	4.24 	4.27 
55.25 	4.29 	4.27 
55.50 	4.32 	4.27 
55.75 	4.28 	4.27 
56.00 	4.33 	4.27 
56.25 	4.21 	4.27 
56.50 	4.32 	4.26 
56.75 	4.24 	4.27 
57.00 	4.23 	4.27 
57.25 	4.26 	4.26 
57.50 	4.22 	4.26 
57.75 	4.24 	4.26 
58.00 	4.25 	4.26 
58.25 	4.26 	4.26 
58.50 	4.23 	4.26 
58.75 	4.34 	4.26 
59.00 	4.24 	4.26 
59.25 	4.32 	4.26 
59.50 	4.23 	4.26 
59.75 	4.34 	4.26 
60.00 	4.23 	4.27 
60.25 	4.25 	4.26 
60.50 	4.20 	4.26 
60.75 	4.33 	4.26 
61.00 	4.21 	4.26 
61.25 	4.24 	4.26 
61.50 	4.31 	4.26 
61.75 	4.31 	4.26 
62.00 	4.20 	4.26 
62.25 	4.25 	4.26 
62.50 	4.30 	4.26 
62.75 	4.21 	4.26 
63.00 	4.24 	4.26 
63.25 	4.25 	4.26 
63.50 	4.30 	4.26 
63.75 	4.19 	4.26 
64.00 	4.30 	4.26 
64.25 	4.32 	4.26 
64.50 	4.32 	4.27 
64.75 	4.27 	4.27 
65.00 	4.22 	4.27 
65.25 	4.20 	4.27 
65.50 	4.18 	4.28 
65.75 	4.30 	4.28 
66.00 	4.27 	4.29 
66.25 	4.31 	4.29 
66.50 	4.18 	4.29 
66.75 	4.30 	4.30 
67.00 	4.23 	4.30 
67.25 	4.22 	4.31 
67.50 	4.31 	4.31 
67.75 	4.24 	4.31 
68.00 	4.23 	4.32 
68.25 	4.32 	4.32 
68.50 	4.24 	4.32 
68.75 	4.26 	4.33 
69.00 	4.40 	4.33 
69.25 	4.44 	4.33 
69.50 	4.29 	4.33 
69.75 	4.42 	4.34 
70.00 	4.39 	4.34 
70.25 	4.43 	4.35 
70.50 	4.42 	4.35 
70.75 	4.39 	4.35 
71.00 	4.42 	4.36 
71.25 	4.43 	4.36 
71.50 	4.42 	4.37 
71.75 	4.38 	4.37 
72.00 	4.41 	4.38 
72.25 	4.40 	4.38 
72.50 	4.41 	4.38 
72.75 	4.41 	4.39 
73.00 	4.40 	4.40 
73.25 	4.40 	4.40 
73.50 	4.39 	4.40 
73.75 	4.34 	4.41 
74.00 	4.36 	4.41 
74.25 	4.44 	4.41 
74.50 	4.39 	4.41 
74.75 	4.42 	4.41 
75.00 	4.41 	4.42 
75.25 	4.39 	4.42 
75.50 	4.35 	4.42 
75.75 	4.39 	4.42 
76.00 	4.37 	4.42 
76.25 	4.47 	4.42 
76.50 	4.47 	4.42 
76.75 	4.49 	4.42 
77.00 	4.40 	4.42 
77.25 	4.40 	4.42 
77.50 	4.47 	4.42 
77.75 	4.41 	4.42 
78.00 	4.47 	4.43 
78.25 	4.41 	4.43 
78.50 	4.48 	4.43 
78.75 	4.41 	4.43 
79.00 	4.39 	4.43 
79.25 	4.52 	4.43 
79.50 	4.44 	4.43 
79.75 	4.47 	4.44 
80.00 	4.49 	4.44 
80.25 	4.40 	4.44 
80.50 	4.41 	4.44 
80.75 	4.42 	4.44 
81.00 	4.39 	4.44 
81.25 	4.50 	4.45 
81.50 	4.49 	4.45 
81.75 	4.39 	4.45 
82.00 	4.38 	4.45 
82.25 	4.44 	4.45 
82.50 	4.50 	4.45 
82.75 	4.44 	4.46 
83.00 	4.44 	4.46 
83.25 	4.45 	4.46 
83.50 	4.43 	4.46 
83.75 	4.44 	4.47 
84.00 	4.43 	4.47 
84.25 	4.45 	4.47 
84.50 	4.52 	4.47 
84.75 	4.42 	4.47 
85.00 	4.45 	4.48 
85.25 	4.45 	4.48 
85.50 	4.53 	4.48 
85.75 	4.40 	4.49 
86.00 	4.55 	4.49 
86.25 	4.48 	4.49 
86.50 	4.56 	4.49 
86.75 	4.50 	4.50 
87.00 	4.43 	4.50 
87.25 	4.54 	4.50 
87.50 	4.55 	4.50 
87.75 	4.56 	4.51 
88.00 	4.51 	4.51 
88.25 	4.57 	4.51 
88.50 	4.48 	4.51 
88.75 	4.56 	4.51 
89.00 	4.50 	4.52 
89.25 	4.56 	4.52 
89.50 	4.51 	4.52 
89.75 	4.56 	4.52 
90.00 	4.57 	4.52 
90.25 	4.53 	4.53 
90.50 	4.62 	4.53 
90.75 	4.54 	4.53 
91.00 	4.47 	4.53 
91.25 	4.52 	4.54 
91.50 	4.63 	4.54 
91.75 	4.52 	4.54 
92.00 	4.52 	4.54 
92.25 	4.52 	4.54 
92.50 	4.49 	4.54 
92.75 	4.54 	4.54 
93.00 	4.52 	4.54 
93.25 	4.45 	4.53 
93.50 	4.50 	4.53 
93.75 	4.54 	4.54 
94.00 	4.52 	4.53 
94.25 	4.60 	4.53 
94.50 	4.54 	4.53 
94.75 	4.52 	4.53 
95.00 	4.60 	4.53 
95.25 	4.59 	4.53 
95.50 	4.54 	4.53 
95.75 	4.60 	4.53 
96.00 	4.51 	4.54 
96.25 	4.62 	4.54 
96.50 	4.51 	4.54 
96.75 	4.51 	4.54 
97.00 	4.49 	4.54 
97.25 	4.52 	4.54 
97.50 	4.52 	4.54 
97.75 	4.51 	4.54 
98.00 	4.51 	4.54 
98.25 	4.52 	4.55 
98.50 	4.56 	4.55 
98.75 	4.49 	4.55 
99.00 	4.48 	4.55 
99.25 	4.51 	4.55 
99.50 	4.55 	4.55 
99.75 	4.61 	4.55 
100.00 	4.50 	4.55 
100.25 	4.53 	4.55 
100.50 	4.61 	4.55 
100.75 	4.64 	4.55 
101.00 	4.64 	4.55 
101.25 	4.54 	4.55 
101.50 	4.53 	4.55 
101.75 	4.60 	4.55 
102.00 	4.57 	4.55 
102.25 	4.54 	4.55 
102.50 	4.54 	4.55 
102.75 	4.55 	4.55 
103.00 	4.55 	4.55 
103.25 	4.61 	4.56 
103.50 	4.54 	4.56 
103.75 	4.62 	4.56 
104.00 	4.53 	4.56 
104.25 	4.54 	4.56 
104.50 	4.54 	4.56 
104.75 	4.56 	4.56 
105.00 	4.53 	4.56 
105.25 	4.56 	4.56 
105.50 	4.60 	4.56 
105.75 	4.62 	4.56 
106.00 	4.51 	4.56 
106.25 	4.56 	4.56 
106.50 	4.55 	4.56 
106.75 	4.54 	4.56 
107.00 	4.52 	4.56 
107.25 	4.57 	4.56 
107.50 	4.53 	4.57 
107.75 	4.57 	4.57 
108.00 	4.55 	4.57 
108.25 	4.64 	4.57 
108.50 	4.52 	4.57 
108.75 	4.50 	4.57 
109.00 	4.57 	4.57 
109.25 	4.54 	4.57 
109.50 	4.56 	4.57 
109.75 	4.57 	4.57 
110.00 	4.62 	4.57 
110.25 	4.49 	4.57 
110.50 	4.59 	4.57 
110.75 	4.56 	4.57 
111.00 	4.63 	4.57 
111.25 	4.63 	4.57 
111.50 	4.58 	4.57 
111.75 	4.57 	4.57 
112.00 	4.56 	4.57 
112.25 	4.68 	4.57 
112.50 	4.56 	4.58 
112.75 	4.65 	4.58 
113.00 	4.57 	4.58 
113.25 	4.55 	4.58 
113.50 	4.55 	4.58 
113.75 	4.56 	4.58 
114.00 	4.56 	4.58 
114.25 	4.64 	4.58 
114.50 	4.53 	4.58 
114.75 	4.53 	4.59 
115.00 	4.57 	4.58 
115.25 	4.64 	4.59 
115.50 	4.56 	4.59 
115.75 	4.53 	4.59 
116.00 	4.56 	4.59 
116.25 	4.65 	4.59 
116.50 	4.58 	4.59 
116.75 	4.57 	4.59 
117.00 	4.57 	4.59 
117.25 	4.67 	4.59 
117.50 	4.58 	4.59 
117.75 	4.59 	4.59 
118.00 	4.66 	4.59 
118.25 	4.54 	4.59 
118.50 	4.57 	4.59 
118.75 	4.66 	4.59 
119.00 	4.57 	4.60 
119.25 	4.56 	4.60 
119.50 	4.59 	4.60 
119.75 	4.57 	4.60 
120.00 	4.57 	4.60 
120.25 	4.64 	4.60 
120.50 	4.54 	4.60 
120.75 	4.68 	4.60 
121.00 	4.58 	4.60 
121.25 	4.67 	4.60 
121.50 	4.59 	4.60 
121.75 	4.55 	4.60 
122.00 	4.58 	4.60 
122.25 	4.67 	4.60 
122.50 	4.57 	4.60 
122.75 	4.65 	4.60 
123.00 	4.57 	4.60 
123.25 	4.67 	4.60 
123.50 	4.58 	4.60 
123.75 	4.65 	4.60 
124.00 	4.65 	4.60 
124.25 	4.55 	4.60 
124.50 	4.57 	4.60 
124.75 	4.57 	4.61 
125.00 	4.60 	4.61 
125.25 	4.57 	4.61 
125.50 	4.61 	4.61 
125.75 	4.54 	4.61 
126.00 	4.57 	4.61 
126.25 	4.66 	4.60 
126.50 	4.64 	4.60 
126.75 	4.57 	4.61 
127.00 	4.64 	4.61 
127.25 	4.59 	4.61 
127.50 	4.69 	4.61 
127.75 	4.58 	4.61 
128.00 	4.59 	4.61 
128.25 	4.57 	4.61 
128.50 	4.57 	4.61 
128.75 	4.58 	4.61 
129.00 	4.60 	4.61 
129.25 	4.71 	4.61 
129.50 	4.67 	4.61 
129.75 	4.59 	4.62 
130.00 	4.60 	4.62 
130.25 	4.58 	4.62 
130.50 	4.68 	4.62 
130.75 	4.61 	4.62 
131.00 	4.57 	4.63 
131.25 	4.58 	4.63 
131.50 	4.68 	4.62 
131.75 	4.59 	4.62 
132.00 	4.68 	4.62 
132.25 	4.61 	4.62 
132.50 	4.60 	4.62 
132.75 	4.67 	4.62 
133.00 	4.61 	4.62 
133.25 	4.60 	4.62 
133.50 	4.69 	4.62 
133.75 	4.61 	4.62 
134.00 	4.61 	4.63 
134.25 	4.66 	4.62 
134.50 	4.65 	4.62 
134.75 	4.65 	4.62 
135.00 	4.70 	4.62 
135.25 	4.59 	4.62 
135.50 	4.63 	4.62 
135.75 	4.70 	4.62 
136.00 	4.69 	4.62 
136.25 	4.61 	4.63 
136.50 	4.56 	4.63 
136.75 	4.56 	4.63 
137.00 	4.58 	4.63 
137.25 	4.62 	4.63 
137.50 	4.57 	4.63 
137.75 	4.63 	4.63 
138.00 	4.61 	4.63 
138.25 	4.59 	4.63 
138.50 	4.63 	4.63 
138.75 	4.69 	4.63 
139.00 	4.57 	4.63 
139.25 	4.56 	4.63 
139.50 	4.60 	4.63 
139.75 	4.59 	4.63 
140.00 	4.60 	4.63 
140.25 	4.67 	4.63 
140.50 	4.66 	4.63 
140.75 	4.66 	4.63 
141.00 	4.69 	4.63 
141.25 	4.71 	4.63 
141.50 	4.57 	4.63 
141.75 	4.70 	4.63 
142.00 	4.61 	4.63 
142.25 	4.63 	4.63 
142.50 	4.65 	4.63 
142.75 	4.63 	4.64 
143.00 	4.73 	4.64 
143.25 	4.70 	4.64 
143.50 	4.63 	4.64 
143.75 	4.64 	4.64 
144.00 	4.62 	4.64 
144.25 	4.62 	4.64 
144.50 	4.63 	4.64 
144.75 	4.63 	4.64 
145.00 	4.56 	4.64 
145.25 	4.61 	4.64 
145.50 	4.67 	4.64 
145.75 	4.66 	4.64 
146.00 	4.58 	4.64 
146.25 	4.71 	4.64 
146.50 	4.61 	4.64 
146.75 	4.63 	4.64 
147.00 	4.66 	4.64 
147.25 	4.64 	4.64 
147.50 	4.71 	4.64 
147.75 	4.59 	4.64 
148.00 	4.63 	4.64 
148.25 	4.63 	4.64 
148.50 	4.61 	4.65 
148.75 	4.57 	4.65 
149.00 	4.69 	4.65 
149.25 	4.73 	4.65 
149.50 	4.63 	4.65 
149.75 	4.60 	4.65 
150.00 	4.62 	4.66 
150.25 	4.71 	4.66 
150.50 	4.61 	4.66 
150.75 	4.57 	4.66 
151.00 	4.72 	4.66 
151.25 	4.60 	4.66 
151.50 	4.69 	4.66 
151.75 	4.63 	4.67 
152.00 	4.64 	4.67 
152.25 	4.72 	4.67 
152.50 	4.73 	4.67 
152.75 	4.71 	4.67 
153.00 	4.72 	4.67 
153.25 	4.71 	4.67 
153.50 	4.72 	4.68 
153.75 	4.61 	4.68 
154.00 	4.60 	4.68 
154.25 	4.72 	4.68 
154.50 	4.73 	4.68 
154.75 	4.66 	4.68 
155.00 	4.66 	4.68 
155.25 	4.76 	4.68 
155.50 	4.65 	4.68 
155.75 	4.67 	4.69 
156.00 	4.73 	4.68 
156.25 	4.73 	4.69 
156.50 	4.75 	4.69 
156.75 	4.63 	4.69 
157.00 	4.62 	4.69 
157.25 	4.74 	4.69 
157.50 	4.65 	4.69 
157.75 	4.65 	4.69 
158.00 	4.73 	4.69 
158.25 	4.75 	4.69 
158.50 	4.75 	4.70 
158.75 	4.64 	4.70 
159.00 	4.75 	4.71 
159.25 	4.71 	4.71 
159.50 	4.63 	4.71 
159.75 	4.61 	4.71 
160.00 	4.65 	4.72 
160.25 	4.70 	4.72 
160.50 	4.77 	4.73 
160.75 	4.62 	4.73 
161.00 	4.69 	4.73 
161.25 	4.74 	4.74 
161.50 	4.77 	4.74 
161.75 	4.71 	4.75 
162.00 	4.72 	4.75 
162.25 	4.73 	4.76 
162.50 	4.71 	4.76 
162.75 	4.71 	4.77 
163.00 	4.75 	4.77 
163.25 	4.86 	4.78 
163.50 	4.80 	4.79 
163.75 	4.71 	4.79 
164.00 	4.76 	4.80 
164.25 	4.84 	4.81 
164.50 	4.84 	4.82 
164.75 	4.77 	4.83 
165.00 	4.85 	4.84 
165.25 	4.90 	4.85 
165.50 	4.86 	4.86 
165.75 	4.87 	4.87 
166.00 	4.88 	4.88 
166.25 	4.82 	4.89 
166.50 	4.87 	4.90 
166.75 	4.89 	4.91 
167.00 	4.83 	4.92 
167.25 	4.93 	4.94 
167.50 	4.91 	4.95 
167.75 	4.94 	4.96 
168.00 	4.95 	4.98 
168.25 	5.01 	4.99 
168.50 	4.96 	5.00 
168.75 	5.06 	5.02 
169.00 	5.05 	5.03 
169.25 	5.07 	5.04 
169.50 	5.08 	5.06 
169.75 	5.06 	5.07 
170.00 	4.97 	5.08 
170.25 	5.14 	5.10 
170.50 	5.06 	5.11 
170.75 	5.09 	5.13 
171.00 	5.17 	5.14 
171.25 	5.17 	5.16 
171.50 	5.10 	5.17 
171.75 	5.13 	5.19 
172.00 	5.24 	5.20 
172.25 	5.20 	5.22 
172.50 	5.21 	5.24 
172.75 	5.32 	5.25 
173.00 	5.34 	5.27 
173.25 	5.27 	5.29 
173.50 	5.28 	5.31 
173.75 	5.33 	5.32 
174.00 	5.32 	5.34 
174.25 	5.33 	5.36 
174.50 	5.38 	5.37 
174.75 	5.35 	5.38 
175.00 	5.42 	5.40 
175.25 	5.40 	5.41 
175.50 	5.45 	5.43 
175.75 	5.46 	5.45 
176.00 	5.46 	5.47 
176.25 	5.46 	5.49 
176.50 	5.47 	5.50 
176.75 	5.44 	5.52 
177.00 	5.65 	5.54 
177.25 	5.64 	5.56 
177.50 	5.45 	5.57 
177.75 	5.63 	5.58 
178.00 	5.60 	5.60 
178.25 	5.71 	5.61 
178.50 	5.58 	5.63 
178.75 	5.76 	5.64 
179.00 	5.76 	5.66 
179.25 	5.59 	5.68 
179.50 	5.60 	5.69 
179.75 	5.60 	5.71 
180.00 	5.70 	5.72 
180.25 	5.84 	5.73 
180.50 	5.82 	5.75 
180.75 	5.85 	5.76 
181.00 	5.88 	5.78 
181.25 	5.76 	5.79 
181.50 	5.85 	5.81 
181.75 	5.80 	5.82 
182.00 	5.94 	5.83 
182.25 	5.82 	5.84 
182.50 	5.79 	5.86 
182.75 	5.77 	5.87 
183.00 	6.01 	5.88 
183.25 	5.91 	5.89 
183.50 	5.89 	5.90 
183.75 	5.96 	5.91 
184.00 	5.94 	5.92 
184.25 	5.91 	5.94 
184.50 	5.93 	5.95 
184.75 	5.85 	5.97 
185.00 	6.00 	5.98 
185.25 	6.01 	6.00 
185.50 	6.00 	6.01 
185.75 	6.10 	6.02 
186.00 	6.05 	6.03 
186.25 	6.11 	6.04 
186.50 	6.00 	6.05 
186.75 	6.04 	6.06 
187.00 	6.11 	6.07 
187.25 	5.95 	6.08 
187.50 	6.04 	6.10 
187.75 	6.08 	6.11 
188.00 	6.11 	6.12 
188.25 	6.16 	6.13 
188.50 	6.08 	6.14 
188.75 	6.15 	6.15 
189.00 	6.25 	6.16 
189.25 	6.20 	6.18 
189.50 	6.18 	6.19 
189.75 	6.24 	6.21 
190.00 	6.32 	6.22 
190.25 	6.31 	6.23 
190.50 	6.20 	6.24 
190.75 	6.19 	6.26 
191.00 	6.17 	6.27 
191.25 	6.39 	6.28 
191.50 	6.26 	6.29 
191.75 	6.29 	6.31 
192.00 	6.35 	6.32 
192.25 	6.29 	6.33 
192.50 	6.30 	6.35 
192.75 	6.36 	6.37 
193.00 	6.31 	6.38 
193.25 	6.31 	6.39 
193.50 	6.31 	6.41 
193.75 	6.40 	6.43 
194.00 	6.57 	6.44 
194.25 	6.47 	6.45 
194.50 	6.38 	6.47 
194.75 	6.51 	6.48 
195.00 	6.51 	6.49 
195.25 	6.50 	6.50 
195.50 	6.53 	6.51 
195.75 	6.49 	6.52 
196.00 	6.63 	6.54 
196.25 	6.54 	6.55 
196.50 	6.53 	6.57 
196.75 	6.57 	6.58 
197.00 	6.57 	6.60 
197.25 	6.60 	6.61 
197.50 	6.71 	6.62 
197.75 	6.72 	6.64 
198.00 	6.72 	6.65 
198.25 	6.80 	6.67 
198.50 	6.68 	6.68 
198.75 	6.74 	6.70 
199.00 	6.73 	6.70 
199.25 	6.70 	6.72 
199.50 	6.66 	6.73 
199.75 	6.66 	6.74 
200.00 	6.76 	6.75 
200.25 	6.67 	6.76 
200.50 	6.75 	6.77 
200.75 	6.78 	6.78 
201.00 	6.81 	6.79 
201.25 	6.90 	6.80 
201.50 	6.87 	6.81 
201.75 	6.89 	6.82 
202.00 	6.88 	6.84 
202.25 	6.86 	6.85 
202.50 	6.88 	6.86 
202.75 	6.95 	6.86 
203.00 	6.84 	6.87 
203.25 	6.90 	6.88 
203.50 	6.91 	6.89 
203.75 	6.83 	6.89 
204.00 	7.08 	6.91 
204.25 	6.81 	6.92 
204.50 	6.93 	6.93 
204.75 	6.86 	6.94 
205.00 	6.91 	6.95 
205.25 	6.88 	6.97 
205.50 	6.87 	6.98 
205.75 	6.96 	6.99 
206.00 	7.01 	7.00 
206.25 	7.09 	7.01 
206.50 	7.02 	7.02 
206.75 	7.03 	7.02 
207.00 	7.02 	7.03 
207.25 	7.06 	7.03 
207.50 	7.03 	7.04 
207.75 	6.98 	7.05 
208.00 	7.08 	7.05 
208.25 	7.07 	7.06 
208.50 	6.99 	7.07 
208.75 	7.17 	7.08 
209.00 	7.22 	7.09 
209.25 	7.11 	7.10 
209.50 	7.10 	7.10 
209.75 	7.22 	7.11 
210.00 	7.26 	7.12 
210.25 	7.14 	7.13 
210.50 	7.23 	7.14 
210.75 	7.23 	7.15 
211.00 	7.23 	7.15 
211.25 	7.19 	7.16 
211.50 	7.09 	7.17 
211.75 	7.10 	7.18 
212.00 	7.09 	7.18 
212.25 	7.10 	7.19 
212.50 	7.19 	7.20 
212.75 	7.12 	7.21 
213.00 	7.19 	7.21 
213.25 	7.34 	7.22 
213.50 	7.20 	7.23 
213.75 	7.23 	7.23 
214.00 	7.19 	7.24 
214.25 	7.23 	7.24 
214.50 	7.13 	7.25 
214.75 	7.19 	7.26 
215.00 	7.35 	7.26 
215.25 	7.28 	7.27 
215.50 	7.23 	7.28 
215.75 	7.18 	7.28 
216.00 	7.44 	7.29 
216.25 	7.39 	7.29 
216.50 	7.34 	7.30 
216.75 	7.24 	7.32 
217.00 	7.24 	7.33 
217.25 	7.50 	7.35 
217.50 	7.31 	7.36 
217.75 	7.32 	7.37 
218.00 	7.31 	7.38 
218.25 	7.32 	7.39 
218.50 	7.31 	7.40 
218.75 	7.41 	7.42 
219.00 	7.44 	7.44 
219.25 	7.35 	7.45 
219.50 	7.43 	7.46 
219.75 	7.37 	7.48 
220.00 	7.60 	7.49 
220.25 	7.39 	7.50 
220.50 	7.50 	7.51 
220.75 	7.40 	7.53 
221.00 	7.44 	7.54 
221.25 	7.47 	7.56 
221.50 	7.61 	7.57 
221.75 	7.71 	7.59 
222.00 	7.65 	7.60 
222.25 	7.54 	7.61 
222.50 	7.54 	7.63 
222.75 	7.77 	7.64 
223.00 	7.65 	7.66 
223.25 	7.68 	7.67 
223.50 	7.84 	7.69 
223.75 	7.89 	7.71 
224.00 	7.74 	7.73 
224.25 	7.78 	7.75 
224.50 	7.69 	7.76 
224.75 	7.78 	7.78 
225.00 	7.73 	7.79 
225.25 	7.71 	7.81 
225.50 	7.76 	7.82 
225.75 	7.97 	7.84 
226.00 	7.99 	7.86 
226.25 	7.80 	7.87 
226.50 	7.89 	7.88 
226.75 	7.81 	7.90 
227.00 	7.80 	7.91 
227.25 	8.10 	7.93 
227.50 	7.99 	7.95 
227.75 	7.85 	7.96 
228.00 	7.90 	7.98 
228.25 	8.02 	7.99 
228.50 	8.18 	8.00 
228.75 	8.06 	8.01 
229.00 	8.21 	8.03 
229.25 	7.99 	8.04 
229.50 	7.97 	8.05 
229.75 	7.98 	8.07 
230.00 	8.01 	8.08 
230.25 	8.27 	8.09 
230.50 	7.96 	8.11 
230.75 	8.09 	8.11 
231.00 	8.15 	8.12 
231.25 	8.04 	8.14 
231.50 	8.35 	8.15 
231.75 	8.22 	8.16 
232.00 	8.19 	8.17 
232.25 	8.12 	8.18 
232.50 	8.25 	8.19 
232.75 	8.29 	8.21 
233.00 	8.29 	8.22 
233.25 	8.12 	8.23 
233.50 	8.41 	8.23 
233.75 	8.29 	8.24 
234.00 	8.34 	8.24 
234.25 	8.20 	8.26 
234.50 	8.30 	8.27 
234.75 	8.21 	8.28 
235.00 	8.21 	8.30 
235.25 	8.34 	8.30 
235.50 	8.23 	8.32 
235.75 	8.37 	8.32 
236.00 	8.39 	8.33 
236.25 	8.26 	8.34 
236.50 	8.37 	8.34 
236.75 	8.32 	8.34 
237.00 	8.29 	8.34 
237.25 	8.41 	8.36 
237.50 	8.52 	8.36 
237.75 	8.29 	8.36 
238.00 	8.42 	8.37 
238.25 	8.42 	8.38 
238.50 	8.28 	8.39 
238.75 	8.33 	8.39 
239.00 	8.60 	8.39 
239.25 	8.35 	8.40 
239.50 	8.63 	8.40 
239.75 	8.54 	8.42 
240.00 	8.43 	8.43 
240.25 	8.49 	8.43 
240.50 	8.35 	8.44 
240.75 	8.42 	8.44 
241.00 	8.29 	8.45 
241.25 	8.34 	8.46 
241.50 	8.36 	8.47 
241.75 	8.34 	8.48 
242.00 	8.63 	8.49 
242.25 	8.38 	8.49 
242.50 	8.50 	8.50 
242.75 	8.66 	8.50 
243.00 	8.48 	8.51 
243.25 	8.53 	8.51 
243.50 	8.36 	8.52 
243.75 	8.56 	8.53 
244.00 	8.40 	8.53 
244.25 	8.41 	8.54 
244.50 	8.73 	8.53 
244.75 	8.65 	8.53 
245.00 	8.53 	8.54 
245.25 	8.46 	8.54 
245.50 	8.57 	8.55 
245.75 	8.73 	8.55 
246.00 	8.76 	8.56 
246.25 	8.75 	8.56 
246.50 	8.75 	8.57 
246.75 	8.51 	8.59 
247.00 	8.52 	8.59 
247.25 	8.61 	8.60 
247.50 	8.57 	8.60 
247.75 	8.65 	8.60 
248.00 	8.52 	8.60 
248.25 	8.77 	8.60 
248.50 	8.66 	8.62 
248.75 	8.50 	8.62 
249.00 	8.58 	8.63 
249.25 	8.52 	8.63 
249.50 	8.49 	8.63 
249.75 	8.59 	8.64 
250.00 	8.65 	8.64 
250.25 	8.55 	8.65 
250.50 	8.57 	8.65 
250.75 	8.64 	8.66 
251.00 	8.60 	8.65 
251.25 	8.74 	8.66 
251.50 	8.87 	8.66 
251.75 	8.66 	8.67 
252.00 	8.62 	8.67 
252.25 	8.65 	8.67 
252.50 	8.62 	8.68 
252.75 	8.60 	8.68 
253.00 	8.64 	8.69 
253.25 	8.90 	8.69 
253.50 	8.72 	8.69 
253.75 	8.57 	8.70 
254.00 	8.73 	8.71 
254.25 	8.76 	8.72 
254.50 	8.69 	8.73 
254.75 	8.78 	8.73 
255.00 	8.64 	8.74 
255.25 	8.80 	8.74 
255.50 	8.89 	8.75 
255.75 	8.61 	8.75 
256.00 	8.97 	8.76 
256.25 	8.93 	8.77 
256.50 	8.71 	8.76 
256.75 	8.70 	8.77 
257.00 	8.65 	8.77 
257.25 	8.73 	8.78 
257.50 	8.72 	8.78 
257.75 	9.00 	8.79 
258.00 	8.66 	8.79 
258.25 	8.76 	8.79 
258.50 	8.81 	8.79 
258.75 	8.94 	8.80 
259.00 	8.76 	8.80 
259.25 	8.90 	8.80 
259.50 	8.87 	8.81 
259.75 	8.86 	8.81 
260.00 	8.73 	8.82 
260.25 	8.85 	8.83 
260.50 	8.73 	8.83 
260.75 	8.81 	8.84 
261.00 	9.02 	8.83 
261.25 	8.75 	8.83 
261.50 	8.77 	8.83 
261.75 	8.78 	8.84 
262.00 	8.96 	8.84 
262.25 	8.76 	8.85 
262.50 	8.92 	8.85 
262.75 	8.72 	8.84 
263.00 	8.76 	8.85 
263.25 	8.90 	8.86 
263.50 	8.94 	8.86 
263.75 	8.80 	8.86 
264.00 	8.70 	8.87 
264.25 	8.94 	8.87 
264.50 	8.85 	8.87 
264.75 	9.07 	8.88 
265.00 	9.05 	8.88 
265.25 	8.89 	8.88 
265.50 	8.94 	8.89 
265.75 	8.90 	8.89 
266.00 	8.80 	8.88 
266.25 	8.80 	8.88 
266.50 	8.89 	8.89 
266.75 	8.86 	8.89 
267.00 	8.84 	8.89 
267.25 	8.74 	8.89 
267.50 	8.87 	8.89 
267.75 	8.80 	8.89 
268.00 	9.12 	8.90 
268.25 	8.90 	8.91 
268.50 	8.92 	8.91 
268.75 	9.11 	8.91 
269.00 	8.85 	8.91 
269.25 	9.13 	8.91 
269.50 	9.13 	8.92 
269.75 	8.87 	8.91 
270.00 	8.94 	8.91 
270.25 	8.81 	8.92 
270.50 	8.96 	8.92 
270.75 	8.76 	8.92 
271.00 	8.80 	8.92 
271.25 	8.93 	8.92 
271.50 	8.89 	8.93 
271.75 	8.80 	8.93 
272.00 	8.89 	8.93 
272.25 	8.90 	8.94 
272.50 	8.88 	8.94 
272.75 	9.11 	8.95 
273.00 	9.16 	8.94 
273.25 	8.90 	8.95 
273.50 	8.81 	8.94 
273.75 	8.82 	8.95 
274.00 	9.04 	8.95 
274.25 	8.99 	8.95 
274.50 	8.89 	8.94 
274.75 	8.80 	8.95 
275.00 	9.19 	8.95 
275.25 	9.00 	8.96 
275.50 	8.99 	8.96 
275.75 	8.94 	8.96 
276.00 	8.89 	8.96 
276.25 	9.12 	8.97 
276.50 	8.91 	8.97 
276.75 	8.93 	8.97 
277.00 	8.86 	8.97 
277.25 	9.08 	8.97 
277.50 	8.91 	8.98 
277.75 	9.08 	8.97 
278.00 	8.96 	8.96 
278.25 	8.86 	8.96 
278.50 	9.16 	8.97 
278.75 	9.02 	8.97 
279.00 	9.15 	8.97 
279.25 	8.87 	8.97 
279.50 	9.09 	8.96 
279.75 	9.02 	8.97 
280.00 	9.04 	8.96 
280.25 	8.90 	8.95 
280.50 	8.79 	8.95 
280.75 	8.92 	8.95 
281.00 	9.13 	8.95 
281.25 	9.01 	8.94 
281.50 	8.80 	8.94 
281.75 	9.08 	8.94 
282.00 	8.92 	8.94 
282.25 	8.92 	8.94 
282.50 	8.87 	8.94 
282.75 	8.79 	8.94 
283.00 	8.86 	8.94 
283.25 	9.11 	8.94 
283.50 	9.06 	8.93 
283.75 	8.88 	8.92 
284.00 	8.85 	8.92 
284.25 	8.86 	8.92 
284.50 	8.82 	8.92 
284.75 	8.89 	8.92 
285.00 	8.89 	8.91 
285.25 	8.98 	8.91 
285.50 	8.86 	8.91 
285.75 	8.80 	8.91 
286.00 	8.84 	8.90 
286.25 	8.80 	8.90 
286.50 	9.02 	8.90 
286.75 	8.80 	8.89 
287.00 	9.08 	8.89 
287.25 	8.79 	8.90 
287.50 	9.16 	8.90 
287.75 	8.85 	8.90 
288.00 	8.84 	8.91 
288.25 	8.81 	8.90 
288.50 	8.86 	8.90 
288.75 	9.13 	8.90 
289.00 	8.81 	8.91 
289.25 	9.01 	8.91 
289.50 	8.88 	8.91 
289.75 	8.83 	8.90 
290.00 	8.76 	8.90 
290.25 	8.79 	8.90 
290.50 	9.12 	8.90 
290.75 	8.84 	8.90 
291.00 	8.88 	8.90 
291.25 	8.79 	8.90 
291.50 	8.81 	8.89 
291.75 	8.81 	8.89 
292.00 	9.15 	8.89 
292.25 	8.96 	8.88 
292.50 	8.98 	8.88 
292.75 	9.14 	8.88 
293.00 	8.88 	8.88 
293.25 	9.04 	8.88 
293.50 	8.82 	8.88 
293.75 	9.02 	8.87 
294.00 	8.83 	8.88 
294.25 	8.84 	8.88 
294.50 	8.81 	8.87 
294.75 	8.82 	8.87 
295.00 	8.80 	8.87 
295.25 	8.89 	8.88 
295.50 	8.71 	8.87 
295.75 	8.85 	8.87 
296.00 	8.76 	8.88 
296.25 	8.78 	8.88 
296.50 	8.96 	8.88 
296.75 	8.80 	8.88 
297.00 	8.72 	8.86 
297.25 	8.95 	8.86 
297.50 	8.89 	8.85 
297.75 	8.79 	8.84 
298.00 	9.03 	8.84 
298.25 	8.69 	8.84 
298.50 	8.84 	8.84 
298.75 	8.88 	8.84 
299.00 	9.05 	8.84 
299.25 	8.76 	8.84 
299.50 	8.78 	8.84 
299.75 	8.78 	8.84 
300.00 	8.88 	8.84 
300.25 	9.02 	8.84 
300.50 	8.92 	8.84 
300.75 	8.99 	8.84 
301.00 	8.71 	8.84 
301.25 	8.86 	8.84 
301.50 	8.79 	8.84 
301.75 	8.68 	8.83 
302.00 	8.68 	8.83 
302.25 	8.80 	8.83 
302.50 	8.74 	8.83 
302.75 	8.83 	8.83 
303.00 	9.03 	8.82 
303.25 	8.86 	8.82 
303.50 	8.98 	8.82 
303.75 	8.82 	8.82 
304.00 	8.80 	8.81 
304.25 	8.81 	8.82 
304.50 	8.88 	8.81 
304.75 	8.81 	8.81 
305.00 	8.95 	8.81 
305.25 	8.66 	8.80 
305.50 	8.81 	8.79 
305.75 	8.65 	8.79 
306.00 	8.77 	8.79 
306.25 	8.94 	8.78 
306.50 	8.62 	8.79 
306.75 	8.68 	8.79 
307.00 	8.79 	8.79 
307.25 	8.86 	8.78 
307.50 	8.78 	8.78 
307.75 	8.75 	8.78 
308.00 	8.72 	8.77 
308.25 	8.88 	8.77 
308.50 	8.90 	8.77 
308.75 	8.64 	8.77 
309.00 	8.93 	8.77 
309.25 	8.65 	8.77 
309.50 	8.69 	8.76 
309.75 	8.91 	8.76 
310.00 	8.63 	8.75 
310.25 	8.70 	8.76 
310.50 	8.87 	8.75 
310.75 	8.78 	8.75 
311.00 	8.56 	8.75 
311.25 	8.88 	8.74 
311.50 	8.62 	8.74 
311.75 	8.68 	8.74 
312.00 	8.70 	8.74 
312.25 	8.68 	8.73 
312.50 	8.78 	8.73 
312.75 	8.75 	8.73 
313.00 	8.89 	8.72 
313.25 	8.90 	8.72 
313.50 	8.90 	8.71 
313.75 	8.61 	8.71 
314.00 	8.74 	8.70 
314.25 	8.55 	8.70 
314.50 	8.69 	8.70 
314.75 	8.87 	8.69 
315.00 	8.75 	8.70 
315.25 	8.55 	8.69 
315.50 	8.84 	8.69 
315.75 	8.56 	8.68 
316.00 	8.71 	8.68 
316.25 	8.59 	8.68 
316.50 	8.64 	8.68 
316.75 	8.70 	8.68 
317.00 	8.69 	8.68 
317.25 	8.59 	8.68 
317.50 	8.60 	8.68 
317.75 	8.62 	8.68 
318.00 	8.74 	8.67 
318.25 	8.54 	8.66 
318.50 	8.57 	8.66 
318.75 	8.54 	8.66 
319.00 	8.61 	8.66 
319.25 	8.63 	8.66 
319.50 	8.71 	8.66 
319.75 	8.83 	8.65 
320.00 	8.66 	8.65 
320.25 	8.70 	8.65 
320.50 	8.51 	8.65 
320.75 	8.58 	8.65 
321.00 	8.78 	8.64 
321.25 	8.55 	8.64 
321.50 	8.82 	8.64 
321.75 	8.61 	8.63 
322.00 	8.58 	8.63 
322.25 	8.76 	8.63 
322.50 	8.83 	8.63 
322.75 	8.57 	8.63 
323.00 	8.58 	8.62 
323.25 	8.77 	8.62 
323.50 	8.76 	8.62 
323.75 	8.61 	8.62 
324.00 	8.66 	8.62 
324.25 	8.47 	8.62 
324.50 	8.77 	8.61 
324.75 	8.73 	8.60 
325.00 	8.56 	8.60 
325.25 	8.63 	8.60 
325.50 	8.42 	8.60 
325.75 	8.62 	8.60 
326.00 	8.54 	8.59 
326.25 	8.55 	8.59 
326.50 	8.51 	8.58 
326.75 	8.48 	8.58 
327.00 	8.55 	8.58 
327.25 	8.65 	8.57 
327.50 	8.54 	8.56 
327.75 	8.59 	8.56 
328.00 	8.48 	8.55 
328.25 	8.47 	8.54 
328.50 	8.45 	8.53 
328.75 	8.65 	8.53 
329.00 	8.50 	8.53 
329.25 	8.57 	8.53 
329.50 	8.49 	8.52 
329.75 	8.57 	8.51 
330.00 	8.56 	8.51 
330.25 	8.51 	8.51 
330.50 	8.54 	8.51 
330.75 	8.62 	8.50 
331.00 	8.44 	8.50 
331.25 	8.62 	8.50 
331.50 	8.54 	8.49 
331.75 	8.41 	8.49 
332.00 	8.49 	8.48 
332.25 	8.47 	8.48 
332.50 	8.38 	8.47 
332.75 	8.36 	8.47 
333.00 	8.46 	8.47 
333.25 	8.37 	8.47 
333.50 	8.64 	8.47 
333.75 	8.34 	8.47 
334.00 	8.52 	8.47 
334.25 	8.43 	8.46 
334.50 	8.50 	8.46 
334.75 	8.49 	8.45 
335.00 	8.52 	8.45 
335.25 	8.56 	8.44 
335.50 	8.28 	8.44 
335.75 	8.30 	8.44 
336.00 	8.48 	8.44 
336.25 	8.37 	8.44 
336.50 	8.40 	8.43 
336.75 	8.31 	8.43 
337.00 	8.35 	8.43 
337.25 	8.36 	8.43 
337.50 	8.60 	8.42 
337.75 	8.59 	8.42 
338.00 	8.29 	8.42 
338.25 	8.46 	8.42 
338.50 	8.58 	8.41 
338.75 	8.47 	8.41 
339.00 	8.29 	8.41 
339.25 	8.46 	8.41 
339.50 	8.39 	8.40 
339.75 	8.38 	8.39 
340.00 	8.27 	8.39 
340.25 	8.54 	8.39 
340.50 	8.43 	8.38 
340.75 	8.39 	8.39 
341.00 	8.53 	8.38 
341.25 	8.35 	8.38 
341.50 	8.48 	8.38 
341.75 	8.41 	8.38 
342.00 	8.28 	8.38 
342.25 	8.36 	8.38 
342.50 	8.26 	8.37 
342.75 	8.51 	8.36 
343.00 	8.26 	8.37 
343.25 	8.34 	8.37 
343.50 	8.27 	8.36 
343.75 	8.37 	8.35 
344.00 	8.40 	8.35 
344.25 	8.26 	8.34 
344.50 	8.26 	8.34 
344.75 	8.40 	8.34 
345.00 	8.41 	8.34 
345.25 	8.16 	8.33 
345.50 	8.31 	8.33 
345.75 	8.19 	8.32 
346.00 	8.36 	8.32 
346.25 	8.31 	8.31 
346.50 	8.35 	8.31 
346.75 	8.48 	8.30 
347.00 	8.23 	8.31 
347.25 	8.20 	8.31 
347.50 	8.49 	8.30 
347.75 	8.48 	8.29 
348.00 	8.41 	8.29 
348.25 	8.24 	8.29 
348.50 	8.25 	8.29 
348.75 	8.19 	8.28 
349.00 	8.19 	8.28 
349.25 	8.23 	8.28 
349.50 	8.25 	8.28 
349.75 	8.44 	8.28 
350.00 	8.32 	8.28 
350.25 	8.25 	8.28 
350.50 	8.16 	8.28 
350.75 	8.21 	8.28 
351.00 	8.15 	8.27 
351.25 	8.30 	8.27 
351.50 	8.28 	8.27 
351.75 	8.40 	8.26 
352.00 	8.37 	8.26 
352.25 	8.13 	8.26 
352.50 	8.14 	8.25 
352.75 	8.26 	8.24 
353.00 	8.32 	8.24 
353.25 	8.13 	8.23 
353.50 	8.20 	8.23 
353.75 	8.24 	8.23 
354.00 	8.30 	8.23 
354.25 	8.25 	8.23 
354.50 	8.36 	8.23 
354.75 	8.22 	8.23 
355.00 	8.31 	8.22 
355.25 	8.36 	8.22 
355.50 	8.13 	8.22 
355.75 	8.14 	8.22 
356.00 	8.35 	8.22 
356.25 	8.21 	8.21 
356.50 	8.01 	8.21 
356.75 	8.24 	8.20 
357.00 	8.19 	8.20 
357.25 	8.10 	8.20 
357.50 	8.21 	8.20 
357.75 	8.18 	8.19 
358.00 	8.11 	8.19 
358.25 	8.14 	8.19 
358.50 	8.06 	8.19 
358.75 	8.26 	8.19 
359.00 	8.34 	8.19 
359.25 	8.24 	8.18 
359.50 	8.30 	8.18 
359.75 	8.16 	8.17 
360.00 	8.04 	8.17 
360.25 	8.19 	8.16 
360.50 	8.19 	8.16 
360.75 	8.06 	8.16 
361.00 	8.16 	8.15 
361.25 	8.05 	8.15 
361.50 	8.30 	8.15 
361.75 	8.16 	8.15 
362.00 	8.28 	8.15 
362.25 	8.04 	8.15 
362.50 	8.06 	8.14 
362.75 	8.24 	8.14 
363.00 	8.03 	8.14 
363.25 	8.31 	8.14 
363.50 	8.21 	8.14 
363.75 	8.13 	8.13 
364.00 	8.04 	8.12 
364.25 	8.23 	8.12 
364.50 	8.00 	8.12 
364.75 	8.08 	8.11 
365.00 	8.05 	8.11 
365.25 	8.25 	8.11 
365.50 	8.07 	8.10 
365.75 	8.04 	8.10 
366.00 	8.00 	8.10 
366.25 	8.24 	8.10 
366.50 	8.00 	8.10 
366.75 	8.23 	8.09 
367.00 	8.12 	8.09 
367.25 	8.00 	8.09 
367.50 	8.12 	8.09 
367.75 	7.97 	8.08 
368.00 	8.07 	8.08 
368.25 	8.10 	8.07 
368.50 	7.96 	8.06 
368.75 	8.08 	8.06 
369.00 	8.09 	8.06 
369.25 	8.18 	8.05 
369.50 	8.05 	8.05 
369.75 	7.97 	8.05 
370.00 	8.10 	8.04 
370.25 	7.91 	8.04 
370.50 	8.08 	8.04 
370.75 	8.19 	8.04 
371.00 	8.11 	8.04 
371.25 	8.03 	8.03 
371.50 	7.94 	8.03 
371.75 	8.17 	8.02 
372.00 	8.03 	8.02 
372.25 	7.95 	8.02 
372.50 	7.95 	8.01 
372.75 	8.03 	8.01 
373.00 	7.96 	8.01 
373.25 	7.89 	8.00 
373.50 	7.94 	8.01 
373.75 	8.03 	8.00 
374.00 	8.05 	8.00 
374.25 	7.91 	7.99 
374.50 	7.97 	7.99 
374.75 	7.92 	7.98 
375.00 	8.11 	7.98 
375.25 	8.14 	7.97 
375.50 	8.01 	7.97 
375.75 	7.93 	7.96 
376.00 	8.03 	7.96 
376.25 	7.89 	7.96 
376.50 	7.99 	7.96 
376.75 	7.88 	7.95 
377.00 	8.02 	7.95 
377.25 	7.88 	7.95 
377.50 	7.89 	7.94 
377.75 	7.86 	7.94 
378.00 	7.98 	7.94 
378.25 	8.09 	7.94 
378.50 	7.98 	7.94 
378.75 	7.91 	7.94 
379.00 	7.96 	7.93 
379.25 	7.81 	7.94 
379.50 	7.83 	7.93 
379.75 	7.82 	7.93 
380.00 	7.83 	7.93 
380.25 	7.83 	7.92 
380.50 	7.99 	7.92 
380.75 	8.04 	7.92 
381.00 	8.06 	7.92 
381.25 	7.96 	7.92 
381.50 	7.89 	7.91 
381.75 	7.93 	7.91 
382.00 	7.79 	7.91 
382.25 	7.84 	7.90 
382.50 	7.92 	7.90 
382.75 	7.94 	7.90 
383.00 	7.85 	7.90 
383.25 	8.02 	7.90 
383.50 	7.87 	7.89 
383.75 	7.82 	7.89 
384.00 	8.04 	7.89 
384.25 	7.78 	7.90 
384.50 	8.04 	7.90 
384.75 	7.88 	7.89 
385.00 	7.77 	7.89 
385.25 	8.04 	7.89 
385.50 	7.95 	7.89 
385.75 	7.89 	7.88 
386.00 	8.03 	7.88 
386.25 	7.79 	7.87 
386.50 	7.76 	7.87 
386.75 	7.76 	7.87 
387.00 	7.75 	7.87 
387.25 	7.79 	7.87 
387.50 	7.88 	7.86 
387.75 	7.99 	7.86 
388.00 	7.99 	7.86 
388.25 	7.76 	7.86 
388.50 	7.89 	7.85 
388.75 	7.95 	7.85 
389.00 	7.95 	7.85 
389.25 	7.84 	7.84 
389.50 	7.74 	7.84 
389.75 	7.87 	7.84 
390.00 	7.79 	7.84 
390.25 	7.74 	7.83 
390.50 	7.88 	7.82 
390.75 	7.78 	7.82 
391.00 	7.68 	7.81 
391.25 	7.97 	7.81 
391.50 	7.84 	7.81 
391.75 	7.74 	7.81 
392.00 	7.83 	7.81 
392.25 	7.78 	7.81 
392.50 	7.81 	7.80 
392.75 	7.93 	7.80 
393.00 	7.94 	7.79 
393.25 	7.68 	7.79 
393.50 	7.81 	7.78 
393.75 	7.71 	7.78 
394.00 	7.73 	7.77 
394.25 	7.82 	7.77 
394.50 	7.77 	7.77 
394.75 	7.72 	7.77 
395.00 	7.78 	7.77 
395.25 	7.70 	7.76 
395.50 	7.67 	7.76 
395.75 	7.71 	7.75 
396.00 	7.81 	7.76 
396.25 	7.65 	7.75 
396.50 	7.89 	7.74 
396.75 	7.76 	7.74 
397.00 	7.77 	7.74 
397.25 	7.68 	7.73 
397.50 	7.84 	7.73 
397.75 	7.64 	7.73 
398.00 	7.66 	7.72 
398.25 	7.65 	7.72 
398.50 	7.71 	7.71 
398.75 	7.62 	7.71 
399.00 	7.86 	7.71 
399.25 	7.79 	7.71 
399.50 	7.85 	7.71 
399.75 	7.74 	7.70 
400.00 	7.61 	7.70 
400.25 	7.61 	7.70 
400.50 	7.59 	7.70 
400.75 	7.83 	7.70 
401.00 	7.71 	7.69 
401.25 	7.59 	7.69 
401.50 	7.61 	7.69 
401.75 	7.81 	7.69 
402.00 	7.59 	7.68 
402.25 	7.81 	7.68 
402.50 	7.70 	7.68 
402.75 	7.61 	7.68 
403.00 	7.63 	7.68 
403.25 	7.63 	7.68 
403.50 	7.69 	7.67 
403.75 	7.60 	7.67 
404.00 	7.83 	7.66 
404.25 	7.62 	7.65 
404.50 	7.61 	7.65 
404.75 	7.67 	7.64 
405.00 	7.57 	7.64 
405.25 	7.66 	7.64 
405.50 	7.67 	7.64 
405.75 	7.67 	7.64 
406.00 	7.68 	7.64 
406.25 	7.57 	7.64 
406.50 	7.77 	7.64 
406.75 	7.64 	7.64 
407.00 	7.65 	7.63 
407.25 	7.67 	7.63 
407.50 	7.76 	7.63 
407.75 	7.58 	7.63 
408.00 	7.53 	7.63 
408.25 	7.52 	7.62 
408.50 	7.53 	7.62 
408.75 	7.52 	7.62 
409.00 	7.56 	7.61 
409.25 	7.53 	7.61 
409.50 	7.64 	7.61 
409.75 	7.56 	7.60 
410.00 	7.75 	7.60 
410.25 	7.53 	7.59 
410.50 	7.60 	7.60 
410.75 	7.62 	7.59 
411.00 	7.72 	7.59 
411.25 	7.63 	7.59 
411.50 	7.71 	7.58 
411.75 	7.51 	7.58 
412.00 	7.52 	7.58 
412.25 	7.71 	7.58 
412.50 	7.63 	7.57 
412.75 	7.53 	7.57 
413.00 	7.55 	7.56 
413.25 	7.52 	7.56 
413.50 	7.56 	7.56 
413.75 	7.57 	7.56 
414.00 	7.61 	7.56 
414.25 	7.52 	7.56 
414.50 	7.45 	7.56 
414.75 	7.46 	7.55 
415.00 	7.45 	7.55 
415.25 	7.70 	7.55 
415.50 	7.59 	7.54 
415.75 	7.44 	7.54 
416.00 	7.72 	7.53 
416.25 	7.46 	7.53 
416.50 	7.67 	7.53 
416.75 	7.57 	7.52 
417.00 	7.55 	7.53 
417.25 	7.44 	7.52 
417.50 	7.43 	7.52 
417.75 	7.47 	7.52 
418.00 	7.47 	7.51 
418.25 	7.54 	7.51 
418.50 	7.47 	7.51 
418.75 	7.47 	7.51 
419.00 	7.52 	7.51 
419.25 	7.45 	7.51 
419.50 	7.46 	7.51 
419.75 	7.64 	7.51 
420.00 	7.45 	7.51 
420.25 	7.37 	7.50 
420.50 	7.41 	7.50 
420.75 	7.53 	7.50 
421.00 	7.51 	7.49 
421.25 	7.62 	7.49 
421.50 	7.46 	7.49 
421.75 	7.53 	7.49 
422.00 	7.51 	7.49 
422.25 	7.62 	7.48 
422.50 	7.49 	7.48 
422.75 	7.40 	7.48 
423.00 	7.39 	7.48 
423.25 	7.60 	7.48 
423.50 	7.40 	7.48 
423.75 	7.60 	7.48 
424.00 	7.48 	7.48 
424.25 	7.49 	7.48 
424.50 	7.49 	7.47 
424.75 	7.39 	7.47 
425.00 	7.47 	7.47 
425.25 	7.59 	7.47 
425.50 	7.35 	7.47 
425.75 	7.47 	7.47 
426.00 	7.44 	7.47 
426.25 	7.60 	7.46 
426.50 	7.53 	7.46 
426.75 	7.45 	7.46 
427.00 	7.35 	7.46 
427.25 	7.36 	7.45 
427.50 	7.40 	7.45 
427.75 	7.45 	7.45 
428.00 	7.58 	7.46 
428.25 	7.56 	7.45 
428.50 	7.33 	7.45 
428.75 	7.41 	7.44 
429.00 	7.39 	7.44 
429.25 	7.37 	7.44 
429.50 	7.35 	7.44 
429.75 	7.56 	7.43 
430.00 	7.43 	7.43 
430.25 	7.56 	7.42 
430.50 	7.43 	7.42 
430.75 	7.31 	7.42 
431.00 	7.55 	7.42 
431.25 	7.33 	7.42 
431.50 	7.38 	7.42 
431.75 	7.57 	7.42 
432.00 	7.34 	7.42 
432.25 	7.35 	7.42 
432.50 	7.51 	7.42 
432.75 	7.54 	7.42 
433.00 	7.40 	7.41 
433.25 	7.40 	7.40 
433.50 	7.28 	7.40 
433.75 	7.53 	7.40 
434.00 	7.29 	7.40 
434.25 	7.38 	7.39 
434.50 	7.32 	7.40 
434.75 	7.38 	7.39 
435.00 	7.25 	7.39 
435.25 	7.27 	7.38 
435.50 	7.47 	7.38 
435.75 	7.46 	7.38 
436.00 	7.50 	7.38 
436.25 	7.44 	7.38 
436.50 	7.50 	7.38 
436.75 	7.51 	7.37 
437.00 	7.29 	7.37 
437.25 	7.36 	7.37 
437.50 	7.36 	7.36 
437.75 	7.36 	7.36 
438.00 	7.28 	7.36 
438.25 	7.28 	7.35 
438.50 	7.23 	7.35 
438.75 	7.30 	7.35 
439.00 	7.34 	7.35 
439.25 	7.36 	7.35 
439.50 	7.28 	7.36 
439.75 	7.46 	7.35 
440.00 	7.23 	7.35 
440.25 	7.45 	7.36 
440.50 	7.46 	7.35 
440.75 	7.36 	7.35 
441.00 	7.36 	7.35 
441.25 	7.26 	7.34 
441.50 	7.31 	7.33 
441.75 	7.34 	7.33 
442.00 	7.41 	7.33 
442.25 	7.23 	7.32 
442.50 	7.28 	7.32 
442.75 	7.34 	7.31 
443.00 	7.29 	7.32 
443.25 	7.31 	7.32 
443.50 	7.41 	7.32 
443.75 	7.41 	7.32 
444.00 	7.30 	7.31 
444.25 	7.42 	7.31 
444.50 	7.28 	7.31 
444.75 	7.28 	7.31 
445.00 	7.43 	7.30 
445.25 	7.20 	7.30 
445.50 	7.42 	7.30 
445.75 	7.40 	7.29 
446.00 	7.19 	7.29 
446.25 	7.23 	7.29 
446.50 	7.21 	7.29 
446.75 	7.33 	7.28 
447.00 	7.18 	7.28 
447.25 	7.23 	7.28 
447.50 	7.22 	7.28 
447.75 	7.40 	7.28 
448.00 	7.25 	7.28 
448.25 	7.25 	7.27 
448.50 	7.23 	7.27 
448.75 	7.23 	7.26 
449.00 	7.25 	7.26 
449.25 	7.19 	7.25 
449.50 	7.36 	7.25 
449.75 	7.16 	7.25 
450.00 	7.28 	7.25 
450.25 	7.35 	7.25 
450.50 	7.17 	7.24 
450.75 	7.18 	7.24 
451.00 	7.40 	7.24 
451.25 	7.18 	7.24 
451.50 	7.21 	7.24 
451.75 	7.23 	7.23 
452.00 	7.41 	7.23 
452.25 	7.20 	7.23 
452.50 	7.12 	7.24 
452.75 	7.34 	7.23 
453.00 	7.17 	7.23 
453.25 	7.15 	7.22 
453.50 	7.24 	7.22 
453.75 	7.17 	7.22 
454.00 	7.15 	7.22 
454.25 	7.21 	7.22 
454.50 	7.33 	7.21 
454.75 	7.24 	7.21 
455.00 	7.33 	7.21 
455.25 	7.20 	7.21 
455.50 	7.25 	7.20 
455.75 	7.12 	7.20 
456.00 	7.16 	7.20 
456.25 	7.24 	7.20 
456.50 	7.18 	7.20 
456.75 	7.18 	7.20 
457.00 	7.22 	7.19 
457.25 	7.32 	7.19 
457.50 	7.10 	7.19 
457.75 	7.21 	7.19 
458.00 	7.16 	7.19 
458.25 	7.11 	7.19 
458.50 	7.11 	7.19 
458.75 	7.13 	7.19 
459.00 	7.21 	7.19 
459.25 	7.18 	7.19 
459.50 	7.18 	7.18 
459.75 	7.16 	7.18 
460.00 	7.25 	7.18 
460.25 	7.09 	7.18 
460.50 	7.17 	7.17 
460.75 	7.19 	7.17 
461.00 	7.23 	7.17 
461.25 	7.18 	7.17 
461.50 	7.10 	7.17 
461.75 	7.17 	7.16 
462.00 	7.15 	7.16 
462.25 	7.28 	7.16 
462.50 	7.14 	7.16 
462.75 	7.28 	7.15 
463.00 	7.12 	7.15 
463.25 	7.21 	7.15 
463.50 	7.12 	7.16 
463.75 	7.30 	7.16 
464.00 	7.11 	7.16 
464.25 	7.08 	7.15 
464.50 	7.29 	7.15 
464.75 	7.20 	7.15 
465.00 	7.10 	7.15 
465.25 	7.10 	7.15 
465.50 	7.08 	7.15 
465.75 	7.13 	7.15 
466.00 	7.06 	7.15 
466.25 	7.11 	7.15 
466.50 	7.16 	7.15 
466.75 	7.22 	7.15 
467.00 	7.05 	7.15 
467.25 	7.07 	7.14 
467.50 	7.13 	7.14 
467.75 	7.10 	7.14 
468.00 	7.14 	7.14 
468.25 	7.25 	7.14 
468.50 	7.17 	7.14 
468.75 	7.15 	7.13 
469.00 	7.07 	7.13 
469.25 	7.13 	7.14 
469.50 	7.17 	7.13 
469.75 	7.06 	7.13 
470.00 	7.16 	7.13 
470.25 	7.15 	7.13 
470.50 	7.26 	7.13 
470.75 	7.12 	7.13 
471.00 	7.24 	7.13 
471.25 	7.10 	7.13 
471.50 	7.21 	7.13 
471.75 	7.12 	7.12 
472.00 	7.04 	7.13 
472.25 	7.08 	7.13 
472.50 	7.12 	7.13 
472.75 	7.11 	7.12 
473.00 	7.14 	7.12 
473.25 	7.07 	7.12 
473.50 	7.14 	7.11 
473.75 	7.21 	7.12 
474.00 	7.12 	7.12 
474.25 	7.22 	7.12 
474.50 	7.07 	7.12 
474.75 	7.05 	7.12 
475.00 	7.05 	7.12 
475.25 	7.20 	7.12 
475.50 	7.21 	7.12 
475.75 	7.01 	7.12 
476.00 	6.98 	7.11 
476.25 	7.23 	7.11 
476.50 	6.99 	7.11 
476.75 	7.10 	7.11 
477.00 	7.21 	7.12 
477.25 	7.02 	7.11 
477.50 	7.01 	7.11 
477.75 	7.02 	7.11 
478.00 	7.14 	7.11 
478.25 	6.98 	7.11 
478.50 	7.22 	7.11 
478.75 	7.19 	7.11 
479.00 	7.15 	7.11 
479.25 	7.21 	7.11 
479.50 	7.21 	7.11 
479.75 	7.10 	7.11 
480.00 	7.05 	7.12 
480.25 	7.12 	7.12 
480.50 	7.15 	7.12 
480.75 	7.12 	7.12 
481.00 	7.00 	7.12 
481.25 	7.04 	7.12 
481.50 	7.25 	7.13 
481.75 	7.23 	7.13 
482.00 	7.01 	7.12 
482.25 	7.01 	7.12 
482.50 	7.03 	7.12 
482.75 	7.21 	7.13 
483.00 	7.10 	7.12 
483.25 	7.10 	7.13 
483.50 	7.20 	7.12 
483.75 	6.99 	7.12 
484.00 	7.25 	7.11 
484.25 	7.05 	7.11 
484.50 	7.27 	7.11 
484.75 	7.24 	7.11 
485.00 	7.25 	7.11 
485.25 	7.25 	7.11 
485.50 	7.01 	7.11 
485.75 	7.06 	7.11 
486.00 	7.26 	7.11 
486.25 	7.15 	7.11 
486.50 	7.03 	7.10 
486.75 	7.04 	7.10 
487.00 	7.05 	7.10 
487.25 	7.09 	7.11 
487.50 	7.12 	7.11 
487.75 	7.09 	7.11 
488.00 	7.05 	7.11 
488.25 	7.01 	7.11 
488.50 	7.06 	7.10 
488.75 	7.03 	7.11 
489.00 	7.12 	7.10 
489.25 	7.02 	7.10 
489.50 	7.14 	7.09 
489.75 	7.12 	7.09 
490.00 	7.16 	7.08 
490.25 	7.08 	7.08 
490.50 	7.14 	7.08 
490.75 	7.01 	7.08 
491.00 	7.00 	7.08 
491.25 	7.07 	7.08 
491.50 	7.15 	7.08 
491.75 	7.05 	7.09 
492.00 	7.21 	7.09 
492.25 	7.11 	7.09 
492.50 	7.07 	7.09 
492.75 	7.20 	7.09 
493.00 	7.00 	7.09 
493.25 	7.11 	7.09 
493.50 	7.03 	7.09 
493.75 	7.03 	7.10 
494.00 	6.98 	7.10 
494.25 	7.02 	7.10 
494.50 	7.00 	7.10 
494.75 	7.12 	7.10 
495.00 	7.12 	7.09 
495.25 	7.11 	7.09 
495.50 	7.08 	7.09 
495.75 	7.08 	7.09 
496.00 	7.10 	7.10 
496.25 	7.21 	7.10 
496.50 	7.22 	7.10 
496.75 	7.11 	7.10 
497.00 	7.11 	7.10 
497.25 	7.10 	7.10 
497.50 	7.24 	7.10 
497.75 	7.14 	7.09 
498.00 	7.03 	7.09 
498.25 	7.09 	7.09 
498.50 	7.20 	7.10 
498.75 	6.99 	7.10 
499.00 	7.11 	7.11 
499.25 	7.10 	7.11 
499.50 	7.05 	7.11 
499.75 	7.07 	7.11 
500.00 	7.09 	7.11 
500.25 	6.97 	7.11 
500.50 	7.23 	7.11 
500.75 	7.11 	7.12 
501.00 	7.10 	7.11 
501.25 	7.22 	7.11 
501.50 	7.02 	7.11 
501.75 	7.21 	7.11 
502.00 	6.99 	7.11 
502.25 	7.11 	7.11 
502.50 	7.01 	7.10 
502.75 	7.04 	7.10 
503.00 	7.09 	7.10 
503.25 	7.10 	7.10 
503.50 	7.21 	7.10 
503.75 	7.20 	7.10 
504.00 	7.10 	7.10 
504.25 	7.21 	7.09 
504.50 	7.07 	7.09 
504.75 	7.12 	7.09 
505.00 	7.19 	7.09 
505.25 	7.07 	7.10 
505.50 	7.20 	7.09 
505.75 	7.07 	7.09 
506.00 	7.21 	7.09 
506.25 	7.06 	7.09 
506.50 	7.10 	7.09 
506.75 	7.09 	7.09 
507.00 	7.07 	7.09 
507.25 	7.03 	7.09 
507.50 	7.01 	7.09 
507.75 	7.09 	7.09 
508.00 	7.01 	7.09 
508.25 	7.09 	7.09 
508.50 	7.03 	7.09 
508.75 	7.03 	7.09 
509.00 	7.06 	7.09 
509.25 	7.05 	7.09 
509.50 	7.06 	7.09 
509.75 	7.08 	7.09 
510.00 	7.02 	7.09 
510.25 	7.06 	7.09 
510.50 	7.22 	7.08 
510.75 	7.10 	7.08 
511.00 	7.06 	7.08 
511.25 	7.18 	7.08 
511.50 	6.97 	7.08 
511.75 	7.05 	7.08 
512.00 	7.16 	7.08 
512.25 	7.09 	7.07 
512.50 	7.10 	7.08 
512.75 	6.99 	7.08 
513.00 	7.19 	7.08 
513.25 	7.07 	7.08 
513.50 	7.16 	7.08 
513.75 	7.16 	7.08 
514.00 	7.07 	7.08 
514.25 	7.20 	7.08 
514.50 	7.14 	7.08 
514.75 	7.07 	7.08 
515.00 	6.98 	7.07 
515.25 	7.07 	7.08 
515.50 	7.04 	7.07 
515.75 	7.02 	7.07 
516.00 	7.16 	7.07 
516.25 	7.13 	7.06 
516.50 	6.96 	7.07 
516.75 	7.06 	7.07 
517.00 	6.95 	7.07 
517.25 	7.16 	7.07 
517.50 	7.05 	7.07 
517.75 	7.13 	7.07 
518.00 	7.04 	7.06 
518.25 	6.98 	7.06 
518.50 	7.03 	7.06 
518.75 	7.15 	7.06 
519.00 	6.99 	7.06 
519.25 	7.12 	7.05 
519.50 	6.94 	7.05 
519.75 	6.92 	7.04 
520.00 	7.18 	7.04 
520.25 	6.96 	7.04 
520.50 	7.02 	7.04 
520.75 	7.01 	7.04 
521.00 	7.01 	7.04 
521.25 	7.18 	7.03 
521.50 	7.13 	7.03 
521.75 	7.15 	7.03 
522.00 	6.97 	7.03 
522.25 	7.02 	7.02 
522.50 	7.11 	7.02 
522.75 	7.02 	7.02 
523.00 	6.99 	7.02 
523.25 	7.03 	7.01 
523.50 	7.13 	7.01 
523.75 	7.02 	7.01 
524.00 	7.03 	7.01 
524.25 	6.90 	7.01 
524.50 	6.93 	7.01 
524.75 	7.02 	7.01 
525.00 	6.89 	7.00 
525.25 	7.01 	7.00 
525.50 	7.04 	7.00 
525.75 	7.03 	7.00 
526.00 	7.02 	7.00 
526.25 	6.95 	6.99 
526.50 	6.91 	6.99 
526.75 	6.94 	6.98 
527.00 	6.98 	6.98 
527.25 	6.99 	6.98 
527.50 	6.90 	6.97 
527.75 	7.05 	6.97 
528.00 	6.88 	6.97 
528.25 	6.91 	6.96 
528.50 	7.02 	6.96 
528.75 	7.00 	6.96 
529.00 	7.08 	6.96 
529.25 	6.95 	6.95 
529.50 	6.92 	6.96 
529.75 	6.95 	6.95 
530.00 	7.02 	6.96 
530.25 	6.88 	6.96 
530.50 	6.93 	6.95 
530.75 	6.95 	6.95 
531.00 	6.96 	6.95 
531.25 	6.94 	6.95 
531.50 	6.96 	6.94 
531.75 	6.89 	6.94 
532.00 	6.91 	6.94 
532.25 	6.96 	6.94 
532.50 	6.96 	6.94 
532.75 	6.94 	6.94 
533.00 	6.84 	6.94 
533.25 	6.96 	6.94 
533.50 	6.95 	6.94 
533.75 	6.96 	6.94 
534.00 	6.86 	6.94 
534.25 	6.95 	6.94 
534.50 	6.94 	6.94 
534.75 	7.02 	6.93 
535.00 	7.06 	6.93 
535.25 	6.83 	6.93 
535.50 	6.94 	6.93 
535.75 	6.86 	6.93 
536.00 	6.93 	6.93 
536.25 	6.82 	6.93 
536.50 	6.93 	6.92 
536.75 	6.85 	6.92 
537.00 	7.03 	6.92 
537.25 	6.90 	6.92 
537.50 	6.93 	6.92 
537.75 	7.03 	6.91 
538.00 	6.91 	6.91 
538.25 	7.03 	6.91 
538.50 	6.97 	6.91 
538.75 	6.91 	6.91 
539.00 	6.91 	6.91 
539.25 	6.91 	6.90 
539.50 	6.89 	6.90 
539.75 	6.84 	6.90 
540.00 	6.86 	6.89 
540.25 	6.95 	6.90 
540.50 	6.94 	6.90 
540.75 	6.89 	6.90 
541.00 	6.89 	6.89 
541.25 	6.81 	6.90 
541.50 	6.98 	6.89 
541.75 	6.90 	6.89 
542.00 	6.82 	6.89 
542.25 	6.82 	6.89 
542.50 	6.84 	6.89 
542.75 	6.79 	6.89 
543.00 	6.85 	6.89 
543.25 	6.90 	6.88 
543.50 	6.85 	6.88 
543.75 	6.88 	6.88 
544.00 	6.86 	6.87 
544.25 	6.89 	6.87 
544.50 	6.84 	6.87 
544.75 	6.89 	6.87 
545.00 	6.94 	6.87 
545.25 	6.98 	6.87 
545.50 	6.80 	6.86 
545.75 	6.84 	6.86 
546.00 	6.89 	6.86 
546.25 	6.84 	6.86 
546.50 	6.87 	6.86 
546.75 	6.97 	6.85 
547.00 	6.80 	6.85 
547.25 	6.96 	6.85 
547.50 	6.94 	6.85 
547.75 	6.86 	6.85 
548.00 	6.81 	6.85 
548.25 	6.75 	6.85 
548.50 	6.96 	6.84 
548.75 	6.85 	6.84 
549.00 	6.81 	6.84 
549.25 	6.81 	6.84 
549.50 	6.87 	6.84 
549.75 	6.80 	6.84 
550.00 	6.90 	6.84 
550.25 	6.80 	6.84 
550.50 	6.83 	6.83 
550.75 	6.81 	6.83 
551.00 	6.87 	6.83 
551.25 	6.72 	6.83 
551.50 	6.71 	6.83 
551.75 	6.76 	6.83 
552.00 	6.82 	6.83 
552.25 	6.78 	6.83 
552.50 	6.83 	6.82 
552.75 	6.77 	6.82 
553.00 	6.84 	6.82 
553.25 	6.70 	6.82 
553.50 	6.84 	6.81 
553.75 	6.89 	6.81 
554.00 	6.90 	6.81 
554.25 	6.91 	6.81 
554.50 	6.85 	6.81 
554.75 	6.88 	6.81 
555.00 	6.78 	6.81 
555.25 	6.75 	6.80 
555.50 	6.80 	6.80 
555.75 	6.95 	6.80 
556.00 	6.78 	6.80 
556.25 	6.86 	6.80 
556.50 	6.83 	6.80 
556.75 	6.77 	6.79 
557.00 	6.85 	6.79 
557.25 	6.78 	6.79 
557.50 	6.76 	6.79 
557.75 	6.85 	6.78 
558.00 	6.76 	6.78 
558.25 	6.73 	6.78 
558.50 	6.75 	6.78 
558.75 	6.76 	6.78 
559.00 	6.87 	6.77 
559.25 	6.87 	6.76 
559.50 	6.85 	6.76 
559.75 	6.69 	6.76 
560.00 	6.67 	6.75 
560.25 	6.72 	6.75 
560.50 	6.84 	6.75 
560.75 	6.68 	6.75 
561.00 	6.70 	6.75 
561.25 	6.75 	6.74 
561.50 	6.59 	6.74 
561.75 	6.80 	6.74 
562.00 	6.66 	6.73 
562.25 	6.71 	6.73 
562.50 	6.68 	6.73 
562.75 	6.66 	6.73 
563.00 	6.86 	6.73 
563.25 	6.78 	6.73 
563.50 	6.64 	6.73 
563.75 	6.67 	6.73 
564.00 	6.71 	6.72 
564.25 	6.68 	6.72 
564.50 	6.75 	6.71 
564.75 	6.67 	6.71 
565.00 	6.73 	6.72 
565.25 	6.73 	6.72 
565.50 	6.73 	6.71 
565.75 	6.80 	6.71 
566.00 	6.65 	6.71 
566.25 	6.75 	6.71 
566.50 	6.70 	6.71 
566.75 	6.66 	6.71 
567.00 	6.76 	6.71 
567.25 	6.81 	6.71 
567.50 	6.66 	6.71 
567.75 	6.63 	6.71 
568.00 	6.79 	6.71 
568.25 	6.76 	6.71 
568.50 	6.74 	6.70 
568.75 	6.65 	6.70 
569.00 	6.70 	6.70 
569.25 	6.67 	6.70 
569.50 	6.73 	6.70 
569.75 	6.78 	6.70 
570.00 	6.66 	6.70 
570.25 	6.70 	6.69 
570.50 	6.64 	6.69 
570.75 	6.69 	6.68 
571.00 	6.75 	6.68 
571.25 	6.65 	6.68 
571.50 	6.73 	6.67 
571.75 	6.75 	6.67 
572.00 	6.77 	6.67 
572.25 	6.59 	6.67 
572.50 	6.77 	6.66 
572.75 	6.64 	6.66 
573.00 	6.64 	6.66 
573.25 	6.58 	6.65 
573.50 	6.63 	6.65 
573.75 	6.62 	6.65 
574.00 	6.62 	6.65 
574.25 	6.64 	6.65 
574.50 	6.65 	6.65 
574.75 	6.70 	6.64 
575.00 	6.53 	6.64 
575.25 	6.61 	6.63 
575.50 	6.61 	6.63 
575.75 	6.62 	6.63 
576.00 	6.62 	6.63 
576.25 	6.53 	6.62 
576.50 	6.61 	6.62 
576.75 	6.68 	6.62 
577.00 	6.69 	6.62 
577.25 	6.53 	6.61 
577.50 	6.62 	6.61 
577.75 	6.57 	6.61 
578.00 	6.62 	6.60 
578.25 	6.56 	6.60 
578.50 	6.66 	6.60 
578.75 	6.68 	6.60 
579.00 	6.70 	6.60 
579.25 	6.60 	6.59 
579.50 	6.59 	6.59 
579.75 	6.55 	6.59 
580.00 	6.55 	6.59 
580.25 	6.55 	6.59 
580.50 	6.56 	6.58 
580.75 	6.59 	6.58 
581.00 	6.60 	6.58 
581.25 	6.63 	6.57 
581.50 	6.72 	6.57 
581.75 	6.55 	6.57 
582.00 	6.54 	6.56 
582.25 	6.56 	6.56 
582.50 	6.54 	6.56 
582.75 	6.54 	6.56 
583.00 	6.59 	6.56 
583.25 	6.55 	6.56 
583.50 	6.55 	6.55 
583.75 	6.45 	6.55 
584.00 	6.59 	6.54 
584.25 	6.59 	6.54 
584.50 	6.51 	6.54 
584.75 	6.53 	6.54 
585.00 	6.51 	6.54 
585.25 	6.50 	6.53 
585.50 	6.50 	6.53 
585.75 	6.51 	6.53 
586.00 	6.44 	6.53 
586.25 	6.41 	6.52 
586.50 	6.53 	6.51 
586.75 	6.46 	6.51 
587.00 	6.63 	6.51 
587.25 	6.61 	6.51 
587.50 	6.50 	6.51 
587.75 	6.59 	6.51 
588.00 	6.47 	6.50 
588.25 	6.59 	6.50 
588.50 	6.42 	6.50 
588.75 	6.41 	6.50 
589.00 	6.55 	6.49 
589.25 	6.56 	6.49 
589.50 	6.44 	6.49 
589.75 	6.53 	6.49 
590.00 	6.45 	6.49 
590.25 	6.48 	6.48 
590.50 	6.42 	6.48 
590.75 	6.56 	6.48 
591.00 	6.47 	6.48 
591.25 	6.41 	6.48 
591.50 	6.55 	6.47 
591.75 	6.53 	6.48 
592.00 	6.45 	6.47 
592.25 	6.46 	6.46 
592.50 	6.46 	6.46 
592.75 	6.50 	6.45 
593.00 	6.42 	6.45 
593.25 	6.52 	6.45 
593.50 	6.39 	6.44 
593.75 	6.32 	6.44 
594.00 	6.54 	6.44 
594.25 	6.42 	6.43 
594.50 	6.45 	6.43 
594.75 	6.50 	6.43 
595.00 	6.44 	6.43 
595.25 	6.49 	6.42 
595.50 	6.42 	6.42 
595.75 	6.41 	6.42 
596.00 	6.34 	6.42 
596.25 	6.36 	6.42 
596.50 	6.51 	6.41 
596.75 	6.44 	6.41 
597.00 	6.33 	6.41 
597.25 	6.34 	6.41 
597.50 	6.37 	6.40 
597.75 	6.39 	6.39 
598.00 	6.36 	6.39 
598.25 	6.32 	6.39 
598.50 	6.44 	6.38 
598.75 	6.30 	6.38 
599.00 	6.32 	6.38 
599.25 	6.31 	6.38 
599.50 	6.48 	6.37 
599.75 	6.41 	6.37 
600.00 	6.37 	6.36 
600.25 	6.36 	6.36 
600.50 	6.50 	6.35 
600.75 	6.46 	6.35 
601.00 	6.31 	6.35 
601.25 	6.35 	6.35 
601.50 	6.36 	6.34 
601.75 	6.47 	6.34 
602.00 	6.37 	6.33 
602.25 	6.31 	6.33 
602.50 	6.24 	6.33 
602.75 	6.26 	6.33 
603.00 	6.34 	6.33 
603.25 	6.25 	6.33 
603.50 	6.30 	6.33 
603.75 	6.34 	6.33 
604.00 	6.34 	6.33 
604.25 	6.30 	6.33 
604.50 	6.28 	6.32 
604.75 	6.32 	6.32 
605.00 	6.38 	6.32 
605.25 	6.21 	6.32 
605.50 	6.35 	6.31 
605.75 	6.33 	6.31 
606.00 	6.20 	6.31 
606.25 	6.21 	6.30 
606.50 	6.27 	6.30 
606.75 	6.20 	6.30 
607.00 	6.25 	6.29 
607.25 	6.39 	6.29 
607.50 	6.38 	6.29 
607.75 	6.27 	6.29 
608.00 	6.35 	6.29 
608.25 	6.38 	6.29 
608.50 	6.41 	6.29 
608.75 	6.39 	6.28 
609.00 	6.22 	6.28 
609.25 	6.28 	6.28 
609.50 	6.34 	6.28 
609.75 	6.23 	6.27 
610.00 	6.24 	6.27 
610.25 	6.27 	6.27 
610.50 	6.31 	6.26 
610.75 	6.25 	6.26 
611.00 	6.27 	6.26 
611.25 	6.24 	6.26 
611.50 	6.24 	6.26 
611.75 	6.28 	6.26 
612.00 	6.19 	6.26 
612.25 	6.31 	6.25 
612.50 	6.16 	6.25 
612.75 	6.32 	6.24 
613.00 	6.21 	6.24 
613.25 	6.23 	6.24 
613.50 	6.23 	6.23 
613.75 	6.25 	6.23 
614.00 	6.19 	6.22 
614.25 	6.19 	6.22 
614.50 	6.28 	6.22 
614.75 	6.17 	6.22 
615.00 	6.11 	6.22 
615.25 	6.22 	6.21 
615.50 	6.26 	6.21 
615.75 	6.19 	6.21 
616.00 	6.29 	6.21 
616.25 	6.11 	6.20 
616.50 	6.31 	6.20 
616.75 	6.17 	6.20 
617.00 	6.11 	6.20 
617.25 	6.21 	6.19 
617.50 	6.11 	6.19 
617.75 	6.20 	6.19 
618.00 	6.18 	6.19 
618.25 	6.18 	6.19 
618.50 	6.29 	6.18 
618.75 	6.12 	6.18 
619.00 	6.18 	6.18 
619.25 	6.27 	6.18 
619.50 	6.23 	6.17 
619.75 	6.14 	6.17 
620.00 	6.17 	6.17 
620.25 	6.26 	6.16 
620.50 	6.12 	6.16 
620.75 	6.18 	6.16 
621.00 	6.16 	6.15 
621.25 	6.12 	6.16 
621.50 	6.23 	6.15 
621.75 	6.11 	6.15 
622.00 	6.17 	6.15 
622.25 	6.13 	6.14 
622.50 	6.19 	6.14 
622.75 	6.18 	6.14 
623.00 	6.13 	6.14 
623.25 	6.07 	6.14 
623.50 	6.24 	6.13 
623.75 	6.11 	6.13 
624.00 	6.11 	6.13 
624.25 	6.04 	6.12 
624.50 	6.04 	6.12 
624.75 	6.04 	6.12 
625.00 	6.10 	6.11 
625.25 	6.12 	6.11 
625.50 	6.14 	6.10 
625.75 	6.11 	6.10 
626.00 	6.13 	6.10 
626.25 	6.10 	6.10 
626.50 	6.11 	6.09 
626.75 	6.08 	6.09 
627.00 	6.04 	6.09 
627.25 	6.13 	6.09 
627.50 	6.19 	6.08 
627.75 	6.08 	6.08 
628.00 	6.07 	6.08 
628.25 	6.07 	6.08 
628.50 	6.04 	6.07 
628.75 	6.07 	6.07 
629.00 	6.13 	6.07 
629.25 	6.06 	6.07 
629.50 	6.03 	6.07 
629.75 	6.02 	6.07 
630.00 	6.04 	6.06 
630.25 	6.00 	6.06 
630.50 	6.06 	6.06 
630.75 	6.09 	6.06 
631.00 	6.08 	6.06 
631.25 	6.03 	6.06 
631.50 	6.04 	6.06 
631.75 	5.99 	6.06 
632.00 	6.11 	6.06 
632.25 	6.02 	6.05 
632.50 	6.13 	6.05 
632.75 	6.14 	6.05 
633.00 	6.01 	6.05 
633.25 	6.04 	6.05 
633.50 	5.99 	6.04 
633.75 	6.05 	6.04 
634.00 	6.02 	6.04 
634.25 	6.02 	6.04 
634.50 	5.96 	6.04 
634.75 	6.03 	6.04 
635.00 	6.02 	6.04 
635.25 	6.00 	6.04 
635.50 	6.14 	6.03 
635.75 	6.09 	6.03 
636.00 	6.01 	6.03 
636.25 	6.09 	6.03 
636.50 	6.08 	6.03 
636.75 	6.07 	6.03 
637.00 	6.04 	6.03 
637.25 	6.00 	6.02 
637.50 	6.10 	6.02 
637.75 	5.97 	6.02 
638.00 	6.00 	6.02 
638.25 	5.92 	6.02 
638.50 	5.90 	6.02 
638.75 	6.07 	6.01 
639.00 	5.99 	6.01 
639.25 	6.11 	6.01 
639.50 	6.01 	6.01 
639.75 	5.99 	6.01 
640.00 	5.99 	6.00 
640.25 	5.94 	6.00 
640.50 	6.07 	6.00 
640.75 	6.09 	5.99 
641.00 	5.90 	5.99 
641.25 	5.95 	5.99 
641.50 	5.98 	5.98 
641.75 	6.07 	5.98 
642.00 	5.97 	5.98 
642.25 	5.95 	5.98 
642.50 	5.98 	5.97 
642.75 	6.05 	5.97 
643.00 	6.06 	5.97 
643.25 	5.98 	5.97 
643.50 	5.95 	5.97 
643.75 	5.97 	5.96 
644.00 	5.96 	5.96 
644.25 	5.89 	5.96 
644.50 	5.89 	5.95 
644.75 	5.90 	5.95 
645.00 	5.91 	5.95 
645.25 	5.94 	5.95 
645.50 	5.97 	5.94 
645.75 	5.93 	5.94 
646.00 	6.03 	5.94 
646.25 	5.93 	5.94 
646.50 	5.91 	5.93 
646.75 	6.00 	5.93 
647.00 	5.91 	5.93 
647.25 	5.93 	5.93 
647.50 	5.87 	5.93 
647.75 	5.89 	5.92 
648.00 	6.00 	5.92 
648.25 	5.86 	5.92 
648.50 	5.92 	5.92 
648.75 	5.93 	5.91 
649.00 	5.91 	5.91 
649.25 	5.80 	5.91 
649.50 	5.84 	5.91 
649.75 	5.91 	5.91 
650.00 	5.89 	5.91 
650.25 	5.99 	5.91 
650.50 	5.96 	5.91 
650.75 	5.89 	5.90 
651.00 	5.83 	5.90 
651.25 	5.83 	5.90 
651.50 	5.96 	5.89 
651.75 	5.90 	5.89 
652.00 	5.99 	5.89 
652.25 	5.87 	5.89 
652.50 	5.94 	5.88 
652.75 	5.91 	5.88 
653.00 	5.81 	5.88 
653.25 	5.96 	5.88 
653.50 	5.88 	5.88 
653.75 	5.89 	5.88 
654.00 	5.87 	5.88 
654.25 	5.87 	5.88 
654.50 	5.91 	5.87 
654.75 	5.87 	5.87 
655.00 	5.88 	5.87 
655.25 	5.94 	5.87 
655.50 	5.81 	5.86 
655.75 	5.79 	5.86 
656.00 	5.86 	5.86 
656.25 	5.79 	5.86 
656.50 	5.83 	5.85 
656.75 	5.81 	5.85 
657.00 	5.86 	5.85 
657.25 	5.86 	5.85 
657.50 	5.90 	5.84 
657.75 	5.83 	5.84 
658.00 	5.81 	5.84 
658.25 	5.82 	5.84 
658.50 	5.87 	5.84 
658.75 	5.94 	5.84 
659.00 	5.81 	5.84 
659.25 	5.78 	5.84 
659.50 	5.82 	5.84 
659.75 	5.80 	5.84 
660.00 	5.87 	5.84 
660.25 	5.82 	5.83 
660.50 	5.84 	5.83 
660.75 	5.80 	5.83 
661.00 	5.74 	5.83 
661.25 	5.79 	5.83 
661.50 	5.82 	5.83 
661.75 	5.84 	5.83 
662.00 	5.78 	5.83 
662.25 	5.81 	5.83 
662.50 	5.83 	5.83 
662.75 	5.91 	5.83 
663.00 	5.82 	5.83 
663.25 	5.89 	5.83 
663.50 	5.81 	5.82 
663.75 	5.91 	5.82 
664.00 	5.90 	5.82 
664.25 	5.81 	5.82 
664.50 	5.84 	5.82 
664.75 	5.85 	5.82 
665.00 	5.80 	5.82 
665.25 	5.79 	5.82 
665.50 	5.78 	5.82 
665.75 	5.90 	5.81 
666.00 	5.79 	5.81 
666.25 	5.82 	5.81 
666.50 	5.75 	5.81 
666.75 	5.89 	5.81 
667.00 	5.87 	5.81 
667.25 	5.79 	5.81 
667.50 	5.87 	5.81 
667.75 	5.79 	5.80 
668.00 	5.67 	5.80 
668.25 	5.78 	5.80 
668.50 	5.89 	5.80 
668.75 	5.83 	5.79 
669.00 	5.83 	5.79 
669.25 	5.76 	5.79 
669.50 	5.81 	5.78 
669.75 	5.79 	5.78 
670.00 	5.69 	5.78 
670.25 	5.77 	5.78 
670.50 	5.66 	5.78 
670.75 	5.79 	5.77 
671.00 	5.75 	5.77 
671.25 	5.73 	5.77 
671.50 	5.75 	5.77 
671.75 	5.83 	5.76 
672.00 	5.82 	5.76 
672.25 	5.78 	5.75 
672.50 	5.77 	5.75 
672.75 	5.80 	5.75 
673.00 	5.73 	5.75 
673.25 	5.71 	5.74 
673.50 	5.74 	5.74 
673.75 	5.71 	5.73 
674.00 	5.71 	5.73 
674.25 	5.72 	5.73 
674.50 	5.75 	5.73 
674.75 	5.72 	5.73 
675.00 	5.81 	5.73 
675.25 	5.71 	5.73 
675.50 	5.72 	5.73 
675.75 	5.67 	5.73 
676.00 	5.75 	5.73 
676.25 	5.72 	5.73 
676.50 	5.74 	5.73 
676.75 	5.71 	5.73 
677.00 	5.68 	5.73 
677.25 	5.60 	5.73 
677.50 	5.71 	5.72 
677.75 	5.74 	5.72 
678.00 	5.61 	5.72 
678.25 	5.70 	5.72 
678.50 	5.62 	5.72 
678.75 	5.81 	5.72 
679.00 	5.76 	5.72 
679.25 	5.72 	5.72 
679.50 	5.76 	5.71 
679.75 	5.72 	5.72 
680.00 	5.78 	5.71 
680.25 	5.75 	5.71 
680.50 	5.67 	5.71 
680.75 	5.75 	5.71 
681.00 	5.82 	5.71 
681.25 	5.77 	5.71 
681.50 	5.76 	5.70 
681.75 	5.71 	5.70 
682.00 	5.70 	5.70 
682.25 	5.68 	5.70 
682.50 	5.71 	5.70 
682.75 	5.67 	5.70 
683.00 	5.77 	5.70 
683.25 	5.67 	5.70 
683.50 	5.63 	5.70 
683.75 	5.74 	5.70 
684.00 	5.71 	5.69 
684.25 	5.64 	5.69 
684.50 	5.75 	5.69 
684.75 	5.62 	5.69 
685.00 	5.63 	5.69 
685.25 	5.75 	5.68 
685.50 	5.68 	5.68 
685.75 	5.79 	5.68 
686.00 	5.57 	5.67 
686.25 	5.61 	5.67 
686.50 	5.67 	5.67 
686.75 	5.61 	5.67 
687.00 	5.66 	5.66 
687.25 	5.66 	5.66 
687.50 	5.62 	5.66 
687.75 	5.63 	5.66 
688.00 	5.65 	5.66 
688.25 	5.74 	5.66 
688.50 	5.68 	5.66 
688.75 	5.65 	5.65 
689.00 	5.69 	5.65 
689.25 	5.64 	5.64 
689.50 	5.71 	5.64 
689.75 	5.66 	5.64 
690.00 	5.62 	5.63 
690.25 	5.63 	5.63 
690.50 	5.64 	5.63 
690.75 	5.59 	5.62 
691.00 	5.57 	5.62 
691.25 	5.64 	5.62 
691.50 	5.68 	5.62 
691.75 	5.61 	5.62 
692.00 	5.63 	5.62 
692.25 	5.62 	5.62 
692.50 	5.73 	5.62 
692.75 	5.60 	5.62 
693.00 	5.63 	5.61 
693.25 	5.62 	5.61 
693.50 	5.58 	5.61 
693.75 	5.50 	5.61 
694.00 	5.52 	5.60 
694.25 	5.52 	5.60 
694.50 	5.60 	5.60 
694.75 	5.59 	5.60 
695.00 	5.50 	5.60 
695.25 	5.55 	5.59 
695.50 	5.56 	5.59 
695.75 	5.60 	5.59 
696.00 	5.69 	5.59 
696.25 	5.68 	5.59 
696.50 	5.50 	5.58 
696.75 	5.70 	5.58 
697.00 	5.58 	5.58 
697.25 	5.63 	5.58 
697.50 	5.58 	5.57 
697.75 	5.49 	5.57 
698.00 	5.60 	5.57 
698.25 	5.60 	5.57 
698.50 	5.53 	5.57 
698.75 	5.60 	5.57 
699.00 	5.57 	5.57 
699.25 	5.60 	5.57 
699.50 	5.58 	5.57 
699.75 	5.59 	5.56 
700.00 	5.55 	5.56 
700.25 	5.57 	5.57 
700.50 	5.48 	5.57 
700.75 	5.57 	5.56 
701.00 	5.55 	5.56 
701.25 	5.59 	5.56 
701.50 	5.57 	5.56 
701.75 	5.57 	5.56 
702.00 	5.52 	5.56 
702.25 	5.48 	5.56 
702.50 	5.54 	5.56 
702.75 	5.52 	5.56 
703.00 	5.55 	5.56 
703.25 	5.54 	5.56 
703.50 	5.53 	5.55 
703.75 	5.57 	5.55 
704.00 	5.55 	5.55 
704.25 	5.55 	5.55 
704.50 	5.51 	5.54 
704.75 	5.50 	5.54 
705.00 	5.63 	5.54 
705.25 	5.50 	5.54 
705.50 	5.58 	5.53 
705.75 	5.60 	5.53 
706.00 	5.50 	5.53 
706.25 	5.59 	5.53 
706.50 	5.64 	5.53 
706.75 	5.56 	5.53 
707.00 	5.60 	5.53 
707.25 	5.54 	5.53 
707.50 	5.58 	5.52 
707.75 	5.56 	5.52 
708.00 	5.58 	5.52 
708.25 	5.44 	5.52 
708.50 	5.47 	5.52 
708.75 	5.55 	5.52 
709.00 	5.43 	5.52 
709.25 	5.44 	5.51 
709.50 	5.53 	5.51 
709.75 	5.47 	5.51 
710.00 	5.47 	5.51 
710.25 	5.40 	5.51 
710.50 	5.46 	5.50 
710.75 	5.49 	5.50 
711.00 	5.57 	5.50 
711.25 	5.49 	5.50 
711.50 	5.48 	5.49 
711.75 	5.57 	5.49 
712.00 	5.43 	5.49 
712.25 	5.46 	5.49 
712.50 	5.47 	5.48 
712.75 	5.51 	5.48 
713.00 	5.53 	5.48 
713.25 	5.49 	5.48 
713.50 	5.55 	5.48 
713.75 	5.49 	5.48 
714.00 	5.45 	5.48 
714.25 	5.46 	5.47 
714.50 	5.44 	5.47 
714.75 	5.39 	5.47 
715.00 	5.46 	5.47 
715.25 	5.48 	5.47 
715.50 	5.48 	5.47 
715.75 	5.55 	5.47 
716.00 	5.52 	5.47 
716.25 	5.36 	5.47 
716.50 	5.46 	5.47 
716.75 	5.54 	5.47 
717.00 	5.55 	5.47 
717.25 	5.45 	5.47 
717.50 	5.49 	5.47 
717.75 	5.42 	5.47 
718.00 	5.42 	5.47 
718.25 	5.41 	5.46 
718.50 	5.50 	5.46 
718.75 	5.44 	5.46 
719.00 	5.39 	5.46 
719.25 	5.40 	5.46 
719.50 	5.54 	5.46 
719.75 	5.54 	5.46 