   -1.00      0.0000000      0.0352615      0.1246802      0.2358195      0.3441195      0.4387098
   -0.95      0.0000000      0.0332300      0.1176140      0.2227127      0.3253363      0.4151207
   -0.90     -0.0000000      0.0312303      0.1106441      0.2097547      0.3067275      0.3917115
   -0.85      0.0000000      0.0292616      0.1037690      0.1969437      0.2882920      0.3684812
   -0.80      0.0000000      0.0273234      0.0969872      0.1842779      0.2700281      0.3454288
   -0.75      0.0000000      0.0254151      0.0902971      0.1717557      0.2519344      0.3225535
   -0.70      0.0000000      0.0235360      0.0836974      0.1593751      0.2340097      0.2998542
   -0.65     -0.0000000      0.0216856      0.0771864      0.1471347      0.2162523      0.2773301
   -0.60      0.0000000      0.0198633      0.0707627      0.1350325      0.1986610      0.2549801
   -0.55     -0.0000000      0.0180686      0.0644250      0.1230670      0.1812342      0.2328032
   -0.50      0.0000000      0.0163009      0.0581718      0.1112365      0.1639706      0.2107985
   -0.45      0.0000000      0.0145597      0.0520018      0.0995393      0.1468688      0.1889650
   -0.40     -0.0000000      0.0128445      0.0459136      0.0879739      0.1299273      0.1673017
   -0.35      0.0000000      0.0111548      0.0399059      0.0765384      0.1131448      0.1458075
   -0.30     -0.0000000      0.0094900      0.0339774      0.0652315      0.0965198      0.1244815
   -0.25      0.0000000      0.0078497      0.0281268      0.0540514      0.0800509      0.1033227
   -0.20      0.0000000      0.0062335      0.0223530      0.0429967      0.0637368      0.0823300
   -0.15     -0.0000000      0.0046409      0.0166545      0.0320657      0.0475760      0.0615024
   -0.10      0.0000000      0.0030714      0.0110304      0.0212569      0.0315672      0.0408389
   -0.05     -0.0000000      0.0015246      0.0054792      0.0105689      0.0157090      0.0203385
    0.00      0.0000000      0.0000000      0.0000000      0.0000000      0.0000000      0.0000000
    0.05      0.0000000     -0.0015027     -0.0054085     -0.0104511     -0.0155612     -0.0201775
    0.10     -0.0000000     -0.0029840     -0.0107473     -0.0207860     -0.0309759     -0.0401950
    0.15      0.0000000     -0.0044442     -0.0160177     -0.0310061     -0.0462455     -0.0600537
    0.20      0.0000000     -0.0058837     -0.0212206     -0.0411128     -0.0613713     -0.0797546
    0.25      0.0000000     -0.0073030     -0.0263571     -0.0511076     -0.0763547     -0.0992986
    0.30      0.0000000     -0.0087024     -0.0314283     -0.0609919     -0.0911970     -0.1186869
    0.35     -0.0000000     -0.0100823     -0.0364352     -0.0707669     -0.1058995     -0.1379206
    0.40      0.0000000     -0.0114429     -0.0413788     -0.0804342     -0.1204636     -0.1570006
    0.45     -0.0000000     -0.0127848     -0.0462602     -0.0899951     -0.1348907     -0.1759281
    0.50      0.0000000     -0.0141081     -0.0510802     -0.0994509     -0.1491819     -0.1947040
    0.55      0.0000000     -0.0154133     -0.0558398     -0.1088029     -0.1633386     -0.2133295
    0.60     -0.0000000     -0.0167007     -0.0605400     -0.1180524     -0.1773621     -0.2318056
    0.65      0.0000000     -0.0179705     -0.0651817     -0.1272008     -0.1912537     -0.2501334
    0.70     -0.0000000     -0.0192231     -0.0697659     -0.1362493     -0.2050146     -0.2683139
    0.75      0.0000000     -0.0204588     -0.0742933     -0.1451991     -0.2186462     -0.2863481
    0.80      0.0000000     -0.0216779     -0.0787649     -0.1540515     -0.2321496     -0.3042372
    0.85     -0.0000000     -0.0228808     -0.0831815     -0.1628077     -0.2455262     -0.3219822
    0.90      0.0000000     -0.0240675     -0.0875440     -0.1714690     -0.2587772     -0.3395841
    0.95     -0.0000000     -0.0252386     -0.0918532     -0.1800365     -0.2719038     -0.3570441
    1.00      0.0000000     -0.0263941     -0.0961099     -0.1885114     -0.2849072     -0.3743631
