  855   417
  856   417
  856   418
  856   419
  856   420
  856   421
  856   422
  856   423
  855   423
  855   424
  854   424
  853   424
  853   425
  853   426
  852   426
  851   426
  850   426
  849   426
  849   427
  849   428
  848   428
  848   429
  848   430
  847   430
  847   431
  847   432
  847   433
  847   434
  847   435
  847   436
  847   437
  847   438
  847   439
  847   440
  847   441
  847   442
  847   443
  847   444
  847   445
  847   446
  848   446
  848   447
  849   447
  849   448
  850   448
  851   448
  851   449
  852   449
  853   449
  854   449
  854   450
  855   450
  856   450
  856   451
  857   451
  858   451
  859   451
  859   452
  860   452
  860   453
  861   453
  861   454
  861   455
  862   455
  863   455
  863   456
  864   456
  864   457
  865   457
  866   457
  867   457
  868   457
  869   457
  870   457
  871   457
  871   458
  872   458
  872   459
  872   460
  873   460
  873   461
  874   461
  874   462
  875   462
  875   463
  876   463
  876   464
  876   465
  877   465
  878   465
  878   466
  878   467
  878   468
  879   468
  879   469
  879   470
  880   470
  880   471
  880   472
  880   473
  881   473
  881   474
  881   475
  881   476
  881   477
  882   477
  882   478
  882   479
  883   479
  883   480
  884   480
  884   481
  885   481
  886   481
  887   481
  888   481
  889   481
  890   481
  890   482
  890   483
  890   484
  891   484
  891   485
  891   486
  892   486
  892   487
  893   487
  893   488
  893   489
  894   489
  895   489
  895   488
  896   488
  897   488
  897   487
  897   486
  898   486
  899   486
  900   486
  901   486
  901   487
  902   487
  903   487
  903   488
  903   489
  903   490
  904   490
  904   491
  905   491
  905   492
  906   492
  906   493
  906   494
  906   495
  906   496
  907   496
  907   497
  907   498
  907   499
  908   499
  909   499
  909   500
  909   501
  909   502
  909   503
  909   504
  909   505
  909   506
  909   507
  909   508
  909   509
  910   509
  910   510
  910   511
  910   512
  910   513
  910   514
  910   515
  910   516
  910   517
  909   517
  909   518
  909   519
  909   520
  908   520
  908   521
  908   522
  908   523
  908   524
  908   525
  907   525
  907   526
  906   526
  906   527
  906   528
  906   529
  906   530
  906   531
  907   531
  907   532
  907   533
  908   533
  908   534
  908   535
  908   536
  909   536
  909   537
  909   538
  909   539
  909   540
  909   541
  909   542
  909   543
  909   544
  909   545
  909   546
  909   547
  909   548
  909   549
  909   550
  909   551
  909   552
  909   553
  909   554
  910   554
  910   555
  911   555
  911   556
  911   557
  911   558
  911   559
  912   559
  912   560
  912   561
  913   561
  913   562
  914   562
  914   563
  915   563
  915   564
  915   565
  916   565
  917   565
  917   566
  917   567
  918   567
  918   568
  918   569
  918   570
  918   571
  918   572
  918   573
  919   573
  919   574
  920   574
  920   575
  920   576
  920   577
  920   578
  920   579
  919   579
  919   580
  919   581
  919   582
  919   583
  919   584
  919   585
  919   586
  918   586
  918   587
  917   587
  917   588
  917   589
  918   589
  918   590
  918   591
  918   592
  918   593
  918   594
  919   594
  919   595
  919   596
  920   596
  920   597
  920   598
  921   598
  921   599
  921   600
  921   601
  921   602
  922   602
  922   603
  922   604
  922   605
  922   606
  922   607
  922   608
  921   608
  921   609
  921   610
  921   611
  921   612
  921   613
  921   614
  921   615
  921   616
  921   617
  921   618
  921   619
  921   620
  921   621
  921   622
  921   623
  921   624
  921   625
  921   626
  920   626
  920   627
  920   628
  919   628
  919   629
  919   630
  919   631
  919   632
  918   632
  918   633
  918   634
  918   635
  918   636
  918   637
  918   638
  917   638
  917   639
  917   640
  917   641
  917   642
  917   643
  917   644
  917   645
  917   646
  917   647
  916   647
  916   648
  916   649
  916   650
  916   651
  916   652
  916   653
  916   654
  916   655
  916   656
  916   657
  916   658
  916   659
  916   660
  916   661
  916   662
  915   662
  915   663
  914   663
  914   664
  914   665
  913   665
  913   666
  913   667
  913   668
  913   669
  912   669
  912   670
  912   671
  912   672
  912   673
  912   674
  911   674
  911   675
  911   676
  910   676
  910   677
  910   678
  909   678
  909   679
  909   680
  909   681
  908   681
  908   682
  907   682
  907   683
  907   684
  907   685
  907   686
  907   687
  907   688
  907   689
  907   690
  906   690
  906   691
  906   692
  906   693
  905   693
  905   694
  905   695
  905   696
  904   696
  904   697
  904   698
  903   698
  903   699
  903   700
  903   701
  902   701
  902   702
  902   703
  902   704
  901   704
  901   705
  901   706
  901   707
  900   707
  900   708
  900   709
  899   709
  899   710
  899   711
  899   712
  899   713
  899   714
  899   715
  899   716
  899   717
  899   718
  899   719
  899   720
  899   721
  900   721
  900   722
  900   723
  901   723
  901   724
  901   725
  901   726
  901   727
  901   728
  901   729
  901   730
  901   731
  901   732
  901   733
  901   734
  901   735
  900   735
  900   736
  899   736
  899   737
  898   737
  898   738
  897   738
  896   738
  896   739
  895   739
  895   740
  895   741
  894   741
  894   742
  894   743
  894   744
  893   744
  893   745
  893   746
  893   747
  893   748
  892   748
  892   749
  892   750
  892   751
  891   751
  891   752
  891   753
  891   754
  891   755
  891   756
  891   757
  891   758
  891   759
  891   760
  890   760
  890   761
  889   761
  889   762
  889   763
  889   764
  889   765
  888   765
  888   766
  888   767
  888   768
  888   769
  888   770
  888   771
  887   771
  887   772
  887   773
  887   774
  887   775
  887   776
  887   777
  887   778
  886   778
  886   779
  886   780
  886   781
  885   781
  885   782
  885   783
  884   783
  884   784
  884   785
  883   785
  883   786
  883   787
  882   787
  882   788
  882   789
  881   789
  881   790
  881   791
  880   791
  880   792
  880   793
  880   794
  879   794
  879   795
  878   795
