  913   795
  913   794
  913   793
  913   792
  913   791
  913   790
  913   789
  912   789
  912   788
  912   787
  911   787
  911   786
  911   785
  911   784
  911   783
  911   782
  911   781
  911   780
  911   779
  911   778
  911   777
  911   776
  911   775
  911   774
  910   774
  910   773
  909   773
  909   772
  909   771
  909   770
  908   770
  908   769
  908   768
  908   767
  908   766
  908   765
  908   764
  907   764
  907   763
  907   762
  907   761
  907   760
  907   759
  907   758
  907   757
  908   757
  908   756
  908   755
  908   754
  908   753
  908   752
  908   751
  908   750
  908   749
  908   748
  908   747
  908   746
  908   745
  908   744
  908   743
  908   742
  908   741
  908   740
  908   739
  908   738
  908   737
  908   736
  908   735
  908   734
  908   733
  908   732
  909   732
  909   731
  909   730
  909   729
  909   728
  909   727
  910   727
  910   726
  911   726
  912   726
  912   725
  912   724
  912   723
  912   722
  912   721
  913   721
  913   720
  914   720
  914   719
  914   718
  914   717
  915   717
  915   716
  916   716
  916   715
  917   715
  917   714
  917   713
  917   712
  917   711
  917   710
  917   709
  917   708
  917   707
  917   706
  918   706
  918   705
  918   704
  918   703
  918   702
  919   702
  919   701
  919   700
  919   699
  920   699
  920   698
  920   697
  920   696
  920   695
  920   694
  920   693
  920   692
  920   691
  921   691
  921   690
  921   689
  922   689
  923   689
  924   689
  925   689
  926   689
  927   689
  927   688
  928   688
  928   687
  928   686
  929   686
  930   686
  930   685
  931   685
  931   684
  932   684
  932   683
  932   682
  933   682
  933   681
  933   680
  934   680
  934   679
  934   678
  935   678
  935   677
  935   676
  935   675
  935   674
  934   674
  934   673
  934   672
  934   671
  934   670
  934   669
  933   669
  933   668
  933   667
  933   666
  933   665
  934   665
  934   664
  934   663
  934   662
  934   661
  934   660
  934   659
  934   658
  934   657
  935   657
  935   656
  935   655
  935   654
  935   653
  935   652
  935   651
  936   651
  936   650
  936   649
  936   648
  935   648
  935   647
  935   646
  935   645
  934   645
  934   644
  934   643
  934   642
  934   641
  935   641
  935   640
  935   639
  935   638
  935   637
  935   636
  936   636
  936   635
  936   634
  936   633
  937   633
  937   632
  937   631
  937   630
  936   630
  936   629
  936   628
  936   627
  935   627
  935   626
  935   625
  935   624
  935   623
  935   622
  935   621
  935   620
  935   619
  935   618
  935   617
  935   616
  935   615
  935   614
  935   613
  936   613
  936   612
  936   611
  936   610
  937   610
  937   609
  937   608
  938   608
  938   607
  938   606
  938   605
  939   605
  940   605
  940   604
  940   603
  940   602
  941   602
  941   601
  941   600
  941   599
  941   598
  941   597
  941   596
  941   595
  941   594
  941   593
  940   593
  939   593
  939   592
  939   591
  939   590
  939   589
  939   588
  938   588
  938   587
  938   586
  938   585
  938   584
  939   584
  939   583
  939   582
  940   582
  940   581
  941   581
  941   580
  941   579
  941   578
  941   577
  941   576
  940   576
  940   575
  940   574
  940   573
  940   572
  940   571
  940   570
  940   569
  941   569
  941   568
  942   568
  942   567
  942   566
  942   565
  942   564
  941   564
  941   563
  940   563
  940   562
  940   561
  940   560
  940   559
  940   558
  940   557
  941   557
  941   556
  941   555
  942   555
  942   554
  942   553
  942   552
  942   551
  942   550
  942   549
  942   548
  942   547
  942   546
  942   545
  941   545
  941   544
  940   544
  939   544
  939   543
  939   542
  939   541
  939   540
  939   539
  939   538
  939   537
  939   536
  939   535
  938   535
  937   535
  936   535
  936   534
  936   533
  936   532
  935   532
  935   531
  935   530
  935   529
  935   528
  936   528
  936   527
  936   526
  937   526
  937   525
  937   524
  937   523
  937   522
  937   521
  936   521
  936   520
  936   519
  935   519
  935   518
  935   517
  934   517
  934   516
  934   515
  933   515
  933   514
  933   513
  932   513
  932   512
  932   511
  931   511
  931   510
  931   509
  930   509
  930   508
  929   508
  929   507
  928   507
  928   506
  928   505
  927   505
  927   504
  926   504
  926   503
  925   503
  925   502
  924   502
  924   501
  923   501
  922   501
  922   500
  921   500
  921   499
  921   498
  920   498
  920   497
  920   496
  919   496
  918   496
  918   495
  918   494
  918   493
  918   492
  919   492
  920   492
  921   492
  921   491
  922   491
  923   491
  924   491
  924   490
  925   490
  925   489
  925   488
  926   488
  926   487
  926   486
  926   485
  925   485
  924   485
  923   485
  923   484
  922   484
  921   484
  920   484
  919   484
  918   484
  917   484
  916   484
  915   484
  914   484
  914   483
  914   482
  914   481
  914   480
  915   480
  915   479
  915   478
  915   477
  916   477
  916   476
  916   475
  916   474
  916   473
  916   472
  916   471
  915   471
  915   470
  915   469
  915   468
  916   468
  916   467
  916   466
  916   465
  916   464
  915   464
  915   463
  915   462
  915   461
  914   461
  914   460
  914   459
  913   459
  912   459
  911   459
  911   458
  911   457
  911   456
  910   456
  909   456
  908   456
  908   455
  907   455
  907   454
  906   454
  905   454
  905   453
  905   452
  905   451
  905   450
  904   450
  903   450
  902   450
  901   450
  900   450
  900   451
  899   451
  898   451
  897   451
  897   452
  896   452
  896   453
  896   454
  895   454
  894   454
  893   454
  892   454
  891   454
  890   454
  889   454
  888   454
  887   454
  887   453
  886   453
  886   452
  885   452
  885   451
  885   450
  885   449
  884   449
  883   449
  882   449
  882   448
  881   448
  881   447
  881   446
  881   445
  880   445
  879   445
  879   444
  879   443
  879   442
  879   441
  879   440
  879   439
  879   438
  879   437
  880   437
  881   437
  881   436
  882   436
  883   436
  884   436
  885   436
  885   435
  885   434
  885   433
  885   432
  885   431
  884   431
  883   431
  882   431
  882   430
  882   429
  882   428
  881   428
  881   427
  881   426
  881   425
  880   425
  879   425
  878   425
  878   424
  878   423
  878   422
  878   421
  877   421
  877   420
  877   419
  876   419
  876   418
  875   418
  875   417
  874   417
