         0.0     0.041     0.050     0.640     0.636     0.649
      1254.0     0.041     0.051     0.700     0.698     0.710
      2366.9     0.041     0.051     0.721     0.719     0.731
      3619.9     0.041     0.051     0.714     0.712     0.724
      4977.3     0.041     0.051     0.650     0.647     0.660
      6333.2     0.041     0.051     0.574     0.572     0.584
      7812.9     0.041     0.051     0.570     0.568     0.580
      9185.9     0.040     0.051     0.542     0.539     0.553
     10420.5     0.041     0.051     0.522     0.520     0.532
     11743.0     0.041     0.051     0.497     0.495     0.507
     12901.5     0.041     0.051     0.467     0.465     0.477
     14205.9     0.041     0.051     0.452     0.451     0.462
     15363.9     0.041     0.052     0.433     0.432     0.444
     16467.9     0.041     0.052     0.413     0.411     0.424
     17572.1     0.041     0.052     0.385     0.384     0.396
     18922.1     0.042     0.053     0.368     0.367     0.379
     20414.3     0.043     0.053     0.344     0.344     0.354
     21769.6     0.042     0.053     0.323     0.323     0.334
     23140.0     0.044     0.055     0.314     0.316     0.325
     24390.1     0.043     0.054     0.296     0.298     0.307
     25788.2     0.044     0.055     0.279     0.281     0.290
     27014.5     0.044     0.055     0.266     0.268     0.277
     28855.9     0.044     0.055     0.246     0.249     0.257
     30204.4     0.045     0.057     0.241     0.244     0.253
     32058.6     0.045     0.057     0.231     0.234     0.243
     33693.3     0.045     0.057     0.220     0.224     0.232
     35565.8     0.044     0.057     0.208     0.212     0.221
     37055.8     0.043     0.055     0.192     0.197     0.204
     38604.8     0.043     0.056     0.178     0.184     0.191
     40335.5     0.046     0.058     0.172     0.179     0.184
     42419.8     0.045     0.058     0.158     0.166     0.171
     44065.6     0.040     0.054     0.134     0.144     0.148
     45805.0     0.041     0.055     0.114     0.125     0.128
     47569.7     0.044     0.058     0.105     0.116     0.119
     48964.9     0.046     0.060     0.098     0.109     0.112
     50176.2     0.043     0.058     0.085     0.098     0.100
     51434.6     0.045     0.060     0.083     0.096     0.098
