         0.0     0.055     0.192     0.091     0.226     0.228
      1254.0     0.058     0.196     0.091     0.227     0.229
      2366.9     0.059     0.197     0.092     0.228     0.230
      3619.9     0.058     0.197     0.092     0.228     0.231
      4977.3     0.057     0.196     0.088     0.227     0.227
      6333.2     0.057     0.197     0.087     0.224     0.227
      7812.9     0.056     0.196     0.087     0.225     0.227
      9185.9     0.055     0.196     0.084     0.223     0.225
     10420.5     0.055     0.196     0.083     0.223     0.224
     11743.0     0.054     0.196     0.082     0.222     0.224
     12901.5     0.052     0.195     0.080     0.220     0.223
     14205.9     0.052     0.194     0.079     0.219     0.221
     15363.9     0.052     0.194     0.078     0.218     0.220
     16467.9     0.051     0.193     0.076     0.217     0.218
     17572.1     0.049     0.192     0.073     0.215     0.216
     18922.1     0.049     0.193     0.072     0.215     0.216
     20414.3     0.049     0.193     0.071     0.214     0.215
     21769.6     0.048     0.193     0.069     0.212     0.214
     23140.0     0.051     0.196     0.071     0.215     0.216
     24390.1     0.046     0.192     0.066     0.211     0.212
     25788.2     0.047     0.194     0.065     0.212     0.212
     27014.5     0.045     0.193     0.063     0.210     0.211
     28855.9     0.042     0.192     0.059     0.207     0.209
     30204.4     0.047     0.197     0.062     0.211     0.212
     32058.6     0.043     0.194     0.058     0.208     0.209
     33693.3     0.041     0.194     0.055     0.207     0.208
     35565.8     0.037     0.191     0.050     0.204     0.204
     37055.8     0.028     0.183     0.040     0.195     0.195
     38604.8     0.025     0.181     0.037     0.192     0.193
     40335.5     0.029     0.186     0.040     0.196     0.197
     42419.8     0.021     0.180     0.031     0.189     0.190
     44065.6     0.002     0.164     0.011     0.171     0.173
     45805.0    -0.002     0.160     0.004     0.166     0.166
     47569.7     0.002     0.164     0.008     0.169     0.170
     48964.9     0.005     0.167     0.008     0.171     0.170
     50176.2    -0.007     0.156    -0.004     0.159     0.159
     51434.6    -0.001     0.162     0.003     0.165     0.166
