         0.0    -0.016     0.975     0.067     1.041     1.058
      1254.0    -0.013     0.973     0.065     1.036     1.051
      2366.9    -0.013     0.970     0.064     1.032     1.047
      3619.9    -0.013     0.966     0.065     1.029     1.044
      4977.3    -0.014     0.959     0.062     1.020     1.035
      6333.2    -0.015     0.951     0.059     1.010     1.025
      7812.9    -0.015     0.943     0.057     1.001     1.015
      9185.9    -0.017     0.932     0.055     0.989     1.004
     10420.5    -0.017     0.919     0.054     0.974     0.990
     11743.0    -0.018     0.902     0.052     0.955     0.972
     12901.5    -0.019     0.888     0.049     0.940     0.956
     14205.9    -0.019     0.868     0.047     0.918     0.934
     15363.9    -0.019     0.848     0.045     0.897     0.912
     16467.9    -0.021     0.837     0.043     0.885     0.901
     17572.1    -0.022     0.821     0.039     0.867     0.882
     18922.1    -0.022     0.802     0.038     0.846     0.862
     20414.3    -0.022     0.782     0.035     0.824     0.839
     21769.6    -0.023     0.762     0.031     0.803     0.816
     23140.0    -0.021     0.750     0.031     0.791     0.802
     24390.1    -0.024     0.732     0.026     0.771     0.782
     25788.2    -0.024     0.706     0.024     0.742     0.754
     27014.5    -0.025     0.691     0.021     0.725     0.737
     28855.9    -0.028     0.661     0.016     0.693     0.705
     30204.4    -0.025     0.639     0.017     0.670     0.681
     32058.6    -0.028     0.617     0.012     0.646     0.657
     33693.3    -0.029     0.594     0.009     0.622     0.632
     35565.8    -0.032     0.572     0.004     0.599     0.608
     37055.8    -0.040     0.552    -0.006     0.578     0.586
     38604.8    -0.042     0.533    -0.010     0.557     0.565
     40335.5    -0.039     0.521    -0.009     0.544     0.551
     42419.8    -0.045     0.504    -0.018     0.525     0.531
     44065.6    -0.059     0.486    -0.036     0.504     0.509
     45805.0    -0.063     0.462    -0.044     0.476     0.481
     47569.7    -0.060     0.450    -0.044     0.460     0.466
     48964.9    -0.058     0.422    -0.045     0.433     0.435
     50176.2    -0.066     0.402    -0.055     0.410     0.413
     51434.6    -0.062     0.385    -0.052     0.393     0.395
