         0.0     0.010    -0.437     0.046    -0.401    -0.401
      1254.0     0.013    -0.427     0.047    -0.392    -0.393
      2366.9     0.013    -0.420     0.047    -0.385    -0.386
      3619.9     0.014    -0.414     0.047    -0.380    -0.381
      4977.3     0.013    -0.407     0.045    -0.373    -0.375
      6333.2     0.013    -0.397     0.043    -0.364    -0.367
      7812.9     0.012    -0.387     0.043    -0.356    -0.356
      9185.9     0.011    -0.379     0.041    -0.348    -0.349
     10420.5     0.011    -0.367     0.040    -0.337    -0.338
     11743.0     0.010    -0.351     0.039    -0.322    -0.322
     12901.5     0.009    -0.334     0.036    -0.306    -0.307
     14205.9     0.009    -0.320     0.035    -0.293    -0.294
     15363.9     0.008    -0.303     0.034    -0.275    -0.277
     16467.9     0.007    -0.290     0.032    -0.263    -0.265
     17572.1     0.005    -0.276     0.029    -0.251    -0.252
     18922.1     0.006    -0.257     0.029    -0.232    -0.234
     20414.3     0.007    -0.238     0.028    -0.215    -0.217
     21769.6     0.005    -0.221     0.026    -0.199    -0.200
     23140.0     0.008    -0.203     0.028    -0.182    -0.183
     24390.1     0.005    -0.193     0.024    -0.173    -0.174
     25788.2     0.006    -0.178     0.023    -0.159    -0.161
     27014.5     0.005    -0.163     0.022    -0.145    -0.146
     28855.9     0.003    -0.138     0.019    -0.121    -0.122
     30204.4     0.007    -0.117     0.022    -0.101    -0.102
     32058.6     0.004    -0.094     0.018    -0.079    -0.080
     33693.3     0.003    -0.082     0.016    -0.068    -0.069
     35565.8    -0.001    -0.069     0.012    -0.055    -0.056
     37055.8    -0.009    -0.057     0.004    -0.044    -0.044
     38604.8    -0.011    -0.044     0.001    -0.032    -0.032
     40335.5    -0.007    -0.049     0.004    -0.038    -0.038
     42419.8    -0.013    -0.069    -0.004    -0.059    -0.060
     44065.6    -0.029    -0.084    -0.021    -0.075    -0.076
     45805.0    -0.033    -0.093    -0.026    -0.086    -0.086
     47569.7    -0.028    -0.098    -0.024    -0.091    -0.094
     48964.9    -0.026    -0.082    -0.021    -0.076    -0.077
     50176.2    -0.036    -0.069    -0.032    -0.064    -0.065
     51434.6    -0.030    -0.042    -0.027    -0.038    -0.039
