0	0.837
0.1	0.844
0.2	0.857
0.3	0.866
0.4	0.877
0.5	0.882
0.6	0.883
0.7	0.883
0.8	0.885
0.9	0.885
1	0.883
1.1	0.876
1.2	0.87
1.3	0.856
1.4	0.842
1.5	0.824
1.6	0.806
1.7	0.788
1.8	0.766
1.9	0.741
2	0.714
2.1	0.684
2.2	0.655
2.3	0.627
2.4	0.6
2.5	0.566
2.6	0.536
2.7	0.499
2.8	0.467
2.9	0.438
3	0.396
3.1	0.37
3.2	0.331
3.3	0.305
3.4	0.264
3.5	0.233
3.6	0.2
3.7	0.168
3.8	0.136
3.9	0.101
4	0.074
4.1	0.045
4.2	0.015
4.3	-0.023
4.4	-0.05
4.5	-0.08
4.6	-0.106
4.7	-0.136
4.8	-0.166
4.9	-0.193
5	-0.223
5.1	-0.249
5.2	-0.278
5.3	-0.307
5.4	-0.337
5.5	-0.362
5.6	-0.39
5.7	-0.416
5.8	-0.441
5.9	-0.469
6	-0.504
6.1	-0.529
6.2	-0.555
6.3	-0.577
6.4	-0.602
6.5	-0.626
6.6	-0.649
6.7	-0.667
6.8	-0.686
6.9	-0.701
7	-0.717
7.1	-0.732
7.2	-0.746
7.3	-0.758
7.4	-0.77
7.5	-0.771
7.6	-0.776
7.7	-0.777
7.8	-0.773
7.9	-0.766
8	-0.76
8.1	-0.745
8.2	-0.719
8.3	-0.689
8.4	-0.655
8.5	-0.616
8.6	-0.573
8.7	-0.528
8.8	-0.481
8.9	-0.431
9	-0.376
9.1	-0.32
9.2	-0.26
9.3	-0.201
9.4	-0.143
9.5	-0.089
9.6	-0.034
9.7	0.017
9.8	0.067
9.9	0.115
10	0.159
10.1	0.201
10.2	0.24
10.3	0.279
10.4	0.314
10.5	0.346
10.6	0.377
10.7	0.404
10.8	0.431
10.9	0.453
11	0.477
11.1	0.499
11.2	0.52
11.3	0.541
11.4	0.559
11.5	0.579
11.6	0.596
11.7	0.613
11.8	0.628
11.9	0.644
12	0.657
12.1	0.668
12.2	0.678
12.3	0.689
12.4	0.7
12.5	0.707
12.6	0.716
12.7	0.722
12.8	0.727
12.9	0.731
13	0.735
13.1	0.738
13.2	0.738
13.3	0.737
13.4	0.734
13.5	0.729
13.6	0.719
13.7	0.705
13.8	0.689
13.9	0.669
14	0.649
14.1	0.626
14.2	0.603
14.3	0.578
14.4	0.552
14.5	0.525
14.6	0.494
14.7	0.46
14.8	0.429
14.9	0.391
15	0.358
15.1	0.326
15.2	0.293
15.3	0.262
15.4	0.251
15.5	0.244
15.6	0.129
15.7	0.098
15.8	0.062
15.9	0.033
16	0.009
16.1	-0.007
16.2	-0.065
16.3	-0.094
16.4	-0.124
16.5	-0.145
16.6	-0.187
16.7	-0.204
16.8	-0.241
16.9	-0.264
17	-0.294
17.1	-0.323
17.2	-0.354
17.3	-0.38
17.4	-0.408
17.5	-0.433
17.6	-0.46
17.7	-0.488
17.8	-0.512
17.9	-0.539
18	-0.563
18.1	-0.587
18.2	-0.613
18.3	-0.638
18.4	-0.664
18.5	-0.69
18.6	-0.712
18.7	-0.73
18.8	-0.755
18.9	-0.778
19	-0.794
19.1	-0.82
19.2	-0.829
19.3	-0.847
19.4	-0.852
19.5	-0.863
19.6	-0.873
19.7	-0.876
19.8	-0.879
19.9	-0.873
20	-0.867
20.1	-0.856
20.2	-0.845
20.3	-0.816
20.4	-0.774
20.5	-0.729
20.6	-0.678
20.7	-0.625
20.8	-0.567
20.9	-0.507
21	-0.445
21.1	-0.38
21.2	-0.317
21.3	-0.255
21.4	-0.191
21.5	-0.131
21.6	-0.074
21.7	-0.016
21.8	0.039
21.9	0.101
22	0.131
22.1	0.189
22.2	0.229
22.3	0.275
22.4	0.311
22.5	0.358
22.6	0.389
22.7	0.423
22.8	0.457
22.9	0.486
23	0.515
23.1	0.544
23.2	0.569
23.3	0.597
23.4	0.621
23.5	0.643
23.6	0.665
23.7	0.688
23.8	0.71
23.9	0.73
24	0.751
24.1	0.774
24.2	0.798
24.3	0.816
24.4	0.834
24.5	0.853
24.6	0.872
24.7	0.89
24.8	0.902
24.9	0.916
25	0.927
25.1	0.937
25.2	0.947
25.3	0.955
25.4	0.961
25.5	0.967
25.6	0.969
25.7	0.971
25.8	0.971
25.9	0.971
26	0.967
26.1	0.959
26.2	0.948
26.3	0.934
26.4	0.918
26.5	0.898
26.6	0.874
26.7	0.849
26.8	0.823
26.9	0.796
27	0.766
27.1	0.735
27.2	0.706
27.3	0.672
27.4	0.64
27.5	0.609
27.6	0.575
27.7	0.542
27.8	0.508
27.9	0.475
28	0.442
28.1	0.409
28.2	0.376
28.3	0.344
28.4	0.308
28.5	0.278
28.6	0.246
28.7	0.215
28.8	0.182
28.9	0.151
29	0.122
29.1	0.09
29.2	0.059
29.3	0.028
29.4	-0.003
29.5	-0.034
29.6	-0.056
29.7	-0.084
29.8	-0.124
29.9	-0.156
30	-0.185
30.1	-0.211
30.2	-0.236
30.3	-0.263
30.4	-0.293
30.5	-0.316
30.6	-0.349
30.7	-0.377
30.8	-0.401
30.9	-0.428
31	-0.45
31.1	-0.479
31.2	-0.501
31.3	-0.528
31.4	-0.551
31.5	-0.568
31.6	-0.593
31.7	-0.615
31.8	-0.624
31.9	-0.662
32	-0.657
32.1	-0.685
32.2	-0.689
32.3	-0.701
32.4	-0.711
32.5	-0.712
32.6	-0.714
32.7	-0.708
32.8	-0.696
32.9	-0.689
33	-0.678
33.1	-0.649
33.2	-0.614
33.3	-0.569
33.4	-0.528
33.5	-0.475
33.6	-0.428
33.7	-0.379
33.8	-0.32
33.9	-0.255
34	-0.197
34.1	-0.137
34.2	-0.077
34.3	-0.019
34.4	0.035
34.5	0.087
34.6	0.134
34.7	0.18
34.8	0.226
34.9	0.271
35	0.313
35.1	0.351
35.2	0.387
35.3	0.42
35.4	0.453
35.5	0.484
35.6	0.508
35.7	0.53
35.8	0.555
35.9	0.593
36	0.624
36.1	0.576
36.2	0.641
36.3	0.639
36.4	0.687
36.5	0.692
36.6	0.72
36.7	0.729
36.8	0.741
36.9	0.754
37	0.773
37.1	0.786
37.2	0.803
37.3	0.814
37.4	0.826
37.5	0.836
37.6	0.845
37.7	0.852
37.8	0.859
37.9	0.865
38	0.869
38.1	0.872
38.2	0.874
38.3	0.874
38.4	0.869
38.5	0.862
38.6	0.851
38.7	0.837
38.8	0.822
38.9	0.805
39	0.782
39.1	0.748
39.2	0.73
39.3	0.706
39.4	0.68
39.5	0.651
39.6	0.626
39.7	0.592
39.8	0.561
39.9	0.531
40	0.497
40.1	0.464
40.2	0.43
40.3	0.398
40.4	0.364
40.5	0.334
40.6	0.296
40.7	0.265
40.8	0.229
40.9	0.199
41	0.165
41.1	0.138
41.2	0.1
41.3	0.068
41.4	0.036
41.5	0.003
41.6	-0.027
41.7	-0.058
41.8	-0.089
41.9	-0.115
42	-0.143
42.1	-0.176
42.2	-0.209
42.3	-0.241
42.4	-0.265
42.5	-0.293
42.6	-0.324
42.7	-0.351
42.8	-0.38
42.9	-0.411
43	-0.442
43.1	-0.472
43.2	-0.5
43.3	-0.525
43.4	-0.552
43.5	-0.575
43.6	-0.597
43.7	-0.621
43.8	-0.642
43.9	-0.664
44	-0.683
44.1	-0.698
44.2	-0.715
44.3	-0.732
44.4	-0.742
44.5	-0.751
44.6	-0.753
44.7	-0.755
44.8	-0.753
44.9	-0.749
45	-0.739
45.1	-0.727
45.2	-0.703
45.3	-0.671
45.4	-0.631
45.5	-0.585
45.6	-0.533
45.7	-0.481
45.8	-0.423
45.9	-0.363
46	-0.299
46.1	-0.234
46.2	-0.166
46.3	-0.1
46.4	-0.035
46.5	0.028
46.6	0.088
46.7	0.147
46.8	0.201
46.9	0.255
47	0.304
47.1	0.351
47.2	0.392
47.3	0.432
47.4	0.475
47.5	0.502
47.6	0.532
47.7	0.552
47.8	0.596
47.9	0.591
48	0.651
48.1	0.651
48.2	0.685
48.3	0.706
48.4	0.725
48.5	0.757
48.6	0.764
48.7	0.793
48.8	0.821
48.9	0.839
49	0.869
49.1	0.895
49.2	0.923
49.3	0.939
49.4	0.933
49.5	0.977
49.6	0.971
49.7	1
49.8	1.005
49.9	1.022
50	1.029
50.1	1.044
50.2	1.043
50.3	1.047
50.4	1.049
50.5	1.052
50.6	1.052
50.7	1.052
50.8	1.048
50.9	1.04
51	1.029
51.1	1.015
51.2	0.996
51.3	0.979
51.4	0.96
51.5	0.937
51.6	0.913
51.7	0.885
51.8	0.856
51.9	0.827
52	0.798
52.1	0.767
52.2	0.736
52.3	0.703
52.4	0.67
52.5	0.638
52.6	0.604
52.7	0.571
52.8	0.541
52.9	0.508
53	0.477
53.1	0.445
53.2	0.412
53.3	0.382
53.4	0.35
53.5	0.322
53.6	0.291
53.7	0.257
53.8	0.228
53.9	0.198
54	0.167
54.1	0.14
54.2	0.107
54.3	0.075
54.4	0.048
54.5	0.018
54.6	-0.015
54.7	-0.047
54.8	-0.072
54.9	-0.101
55	-0.131
55.1	-0.161
55.2	-0.189
55.3	-0.216
55.4	-0.246
55.5	-0.273
55.6	-0.303
55.7	-0.329
55.8	-0.356
55.9	-0.382
56	-0.408
56.1	-0.433
56.2	-0.458
56.3	-0.484
56.4	-0.508
56.5	-0.53
56.6	-0.551
56.7	-0.572
56.8	-0.59
56.9	-0.609
57	-0.624
57.1	-0.637
57.2	-0.649
57.3	-0.656
57.4	-0.66
57.5	-0.661
57.6	-0.659
57.7	-0.651
57.8	-0.638
57.9	-0.616
58	-0.59
58.1	-0.555
58.2	-0.514
58.3	-0.47
58.4	-0.419
58.5	-0.368
58.6	-0.315
58.7	-0.257
58.8	-0.198
58.9	-0.133
59	-0.071
59.1	-0.008
59.2	0.053
59.3	0.112
59.4	0.166
59.5	0.22
59.6	0.267
59.7	0.312
59.8	0.355
59.9	0.395
60	0.432
60.1	0.469
60.2	0.496
60.3	0.523
60.4	0.548
60.5	0.574
60.6	0.595
60.7	0.621
60.8	0.642
60.9	0.663
61	0.683
61.1	0.706
61.2	0.727
61.3	0.747
61.4	0.768
61.5	0.787
61.6	0.804
61.7	0.82
61.8	0.838
61.9	0.855
62	0.871
62.1	0.886
62.2	0.9
62.3	0.913
62.4	0.924
62.5	0.934
62.6	0.944
62.7	0.95
62.8	0.954
62.9	0.956
63	0.957
63.1	0.958
63.2	0.956
63.3	0.952
63.4	0.944
63.5	0.932
63.6	0.919
63.7	0.903
63.8	0.886
63.9	0.865
64	0.841
64.1	0.815
64.2	0.787
64.3	0.757
64.4	0.729
64.5	0.697
64.6	0.665
64.7	0.636
64.8	0.614
64.9	0.561
65	0.534
65.1	0.497
65.2	0.47
65.3	0.435
65.4	0.399
65.5	0.363
65.6	0.331
65.7	0.302
65.8	0.272
65.9	0.257
66	0.243
66.1	0.133
66.2	0.138
66.3	0.083
66.4	0.077
66.5	0.035
66.6	0.031
66.7	-0.027
66.8	-0.047
66.9	-0.08
67	-0.105
67.1	-0.146
67.2	-0.165
67.3	-0.199
67.4	-0.224
67.5	-0.252
67.6	-0.279
67.7	-0.311
67.8	-0.338
67.9	-0.368
68	-0.396
68.1	-0.422
68.2	-0.449
68.3	-0.472
68.4	-0.496
68.5	-0.521
68.6	-0.544
68.7	-0.565
68.8	-0.588
68.9	-0.607
69	-0.626
69.1	-0.641
69.2	-0.655
69.3	-0.666
69.4	-0.673
69.5	-0.68
69.6	-0.679
69.7	-0.677
69.8	-0.678
69.9	-0.675
70	-0.668
70.1	-0.652
70.2	-0.633
70.3	-0.596
70.4	-0.549
70.5	-0.5
70.6	-0.437
70.7	-0.384
70.8	-0.324
70.9	-0.259
71	-0.199
71.1	-0.131
71.2	-0.065
71.3	0.007
71.4	0.068
71.5	0.132
71.6	0.187
71.7	0.241
71.8	0.29
71.9	0.343
72	0.377
72.1	0.432
72.2	0.438
72.3	0.505
72.4	0.491
72.5	0.578
72.6	0.57
72.7	0.604
72.8	0.625
72.9	0.64
73	0.684
73.1	0.684
73.2	0.73
73.3	0.732
73.4	0.754
73.5	0.769
73.6	0.801
73.7	0.817
73.8	0.84
73.9	0.853
74	0.874
74.1	0.893
74.2	0.914
74.3	0.925
74.4	0.935
74.5	0.954
74.6	0.971
74.7	0.981
74.8	0.984
74.9	0.987
75	0.993
75.1	0.998
75.2	1.003
75.3	1.003
75.4	1.001
75.5	0.996
75.6	0.992
75.7	0.984
75.8	0.973
75.9	0.959
76	0.941
76.1	0.921
76.2	0.897
76.3	0.869
76.4	0.843
76.5	0.816
76.6	0.788
76.7	0.759
76.8	0.73
76.9	0.702
77	0.671
77.1	0.64
77.2	0.605
77.3	0.573
77.4	0.543
77.5	0.516
77.6	0.487
77.7	0.45
77.8	0.414
77.9	0.382
78	0.351
78.1	0.324
78.2	0.295
78.3	0.266
78.4	0.235
78.5	0.204
78.6	0.174
78.7	0.144
78.8	0.116
78.9	0.088
79	0.056
79.1	0.033
79.2	0.003
79.3	-0.026
79.4	-0.058
79.5	-0.088
79.6	-0.116
79.7	-0.138
79.8	-0.166
79.9	-0.195
80	-0.221
80.1	-0.249
80.2	-0.274
80.3	-0.301
80.4	-0.327
80.5	-0.351
80.6	-0.379
80.7	-0.404
80.8	-0.43
80.9	-0.452
81	-0.478
81.1	-0.501
81.2	-0.523
81.3	-0.543
81.4	-0.563
81.5	-0.582
81.6	-0.599
81.7	-0.614
81.8	-0.626
81.9	-0.634
82	-0.639
82.1	-0.644
82.2	-0.648
82.3	-0.644
82.4	-0.639
82.5	-0.637
82.6	-0.619
82.7	-0.597
82.8	-0.563
82.9	-0.521
83	-0.469
83.1	-0.416
83.2	-0.361
83.3	-0.311
83.4	-0.254
83.5	-0.193
83.6	-0.131
83.7	-0.068
83.8	-0.006
83.9	0.051
84	0.111
84.1	0.166
84.2	0.219
84.3	0.264
84.4	0.309
84.5	0.354
84.6	0.392
84.7	0.428
84.8	0.462
84.9	0.493
85	0.524
85.1	0.554
85.2	0.58
85.3	0.602
85.4	0.627
85.5	0.645
85.6	0.669
85.7	0.693
85.8	0.715
85.9	0.733
86	0.752
86.1	0.774
86.2	0.784
86.3	0.82
86.4	0.825
86.5	0.847
86.6	0.862
86.7	0.88
86.8	0.903
86.9	0.915
87	0.929
87.1	0.945
87.2	0.957
87.3	0.968
87.4	0.978
87.5	0.986
87.6	0.99
87.7	0.994
87.8	0.998
87.9	1.001
88	1
88.1	0.996
88.2	0.989
88.3	0.983
88.4	0.973
88.5	0.958
88.6	0.939
88.7	0.917
88.8	0.896
88.9	0.873
89	0.844
89.1	0.819
89.2	0.79
89.3	0.758
89.4	0.728
89.5	0.697
89.6	0.668
89.7	0.637
89.8	0.602
89.9	0.568
90	0.539
90.1	0.503
90.2	0.471
90.3	0.434
90.4	0.401
90.5	0.368
90.6	0.339
90.7	0.303
90.8	0.276
90.9	0.246
91	0.215
91.1	0.185
91.2	0.157
91.3	0.118
91.4	0.094
91.5	0.06
91.6	0.037
91.7	0.001
91.8	-0.022
91.9	-0.047
92	-0.083
92.1	-0.101
92.2	-0.132
92.3	-0.154
92.4	-0.186
92.5	-0.208
92.6	-0.236
92.7	-0.26
92.8	-0.288
92.9	-0.314
93	-0.344
93.1	-0.369
93.2	-0.39
93.3	-0.415
93.4	-0.439
93.5	-0.459
93.6	-0.478
93.7	-0.494
93.8	-0.516
93.9	-0.532
94	-0.548
94.1	-0.561
94.2	-0.571
94.3	-0.579
94.4	-0.585
94.5	-0.586
94.6	-0.589
94.7	-0.584
94.8	-0.576
94.9	-0.556
95	-0.539
95.1	-0.496
95.2	-0.459
95.3	-0.407
95.4	-0.355
95.5	-0.294
95.6	-0.252
95.7	-0.183
95.8	-0.126
95.9	-0.068
96	-0.015
96.1	0.044
96.2	0.107
96.3	0.158
96.4	0.213
96.5	0.264
96.6	0.311
96.7	0.354
96.8	0.396
96.9	0.435
97	0.467
97.1	0.502
97.2	0.531
97.3	0.558
97.4	0.582
97.5	0.607
97.6	0.628
97.7	0.652
97.8	0.674
97.9	0.692
98	0.709
98.1	0.727
98.2	0.748
98.3	0.769
98.4	0.789
98.5	0.809
98.6	0.824
98.7	0.839
98.8	0.855
98.9	0.872
99	0.891
99.1	0.908
99.2	0.923
99.3	0.936
99.4	0.946
99.5	0.954
99.6	0.963
99.7	0.97
99.8	0.98
99.9	0.984
100	0.987
100.1	0.988
100.2	0.988
100.3	0.984
100.4	0.98
100.5	0.973
100.6	0.965
100.7	0.955
100.8	0.941
100.9	0.924
101	0.903
101.1	0.879
101.2	0.855
101.3	0.83
101.4	0.811
101.5	0.777
101.6	0.749
101.7	0.72
101.8	0.692
101.9	0.664
102	0.634
102.1	0.597
102.2	0.566
102.3	0.54
102.4	0.509
102.5	0.48
102.6	0.445
102.7	0.412
102.8	0.384
102.9	0.353
103	0.325
103.1	0.3
103.2	0.269
103.3	0.24
103.4	0.212
103.5	0.186
103.6	0.154
103.7	0.124
103.8	0.094
103.9	0.067
104	0.041
104.1	0.012
104.2	-0.018
104.3	-0.046
104.4	-0.073
104.5	-0.098
104.6	-0.119
104.7	-0.15
104.8	-0.184
104.9	-0.213
105	-0.237
105.1	-0.259
105.2	-0.289
105.3	-0.312
105.4	-0.332
105.5	-0.354
105.6	-0.381
105.7	-0.41
105.8	-0.431
105.9	-0.451
106	-0.477
106.1	-0.495
106.2	-0.509
106.3	-0.526
106.4	-0.538
106.5	-0.551
106.6	-0.561
106.7	-0.569
106.8	-0.577
106.9	-0.579
107	-0.579
107.1	-0.571
107.2	-0.562
107.3	-0.547
107.4	-0.522
107.5	-0.49
107.6	-0.452
107.7	-0.412
107.8	-0.369
107.9	-0.328
108	-0.278
108.1	-0.225
108.2	-0.165
108.3	-0.106
108.4	-0.049
108.5	0.006
108.6	0.061
108.7	0.114
108.8	0.166
108.9	0.216
109	0.261
109.1	0.304
109.2	0.346
109.3	0.386
109.4	0.42
109.5	0.45
109.6	0.476
109.7	0.508
109.8	0.539
109.9	0.564
110	0.585
110.1	0.605
110.2	0.627
110.3	0.647
110.4	0.668
110.5	0.687
110.6	0.711
110.7	0.728
110.8	0.748
110.9	0.768
111	0.79
111.1	0.81
111.2	0.828
111.3	0.844
111.4	0.864
111.5	0.883
111.6	0.902
111.7	0.917
111.8	0.93
111.9	0.941
112	0.953
112.1	0.965
112.2	0.974
112.3	0.982
112.4	0.99
112.5	0.995
112.6	0.997
112.7	0.998
112.8	0.998
112.9	0.994
113	0.987
113.1	0.981
113.2	0.97
113.3	0.957
113.4	0.942
113.5	0.924
113.6	0.904
113.7	0.881
113.8	0.858
113.9	0.833
114	0.807
114.1	0.779
114.2	0.748
114.3	0.718
114.4	0.69
114.5	0.661
114.6	0.629
114.7	0.597
114.8	0.563
114.9	0.532
115	0.499
115.1	0.468
115.2	0.433
115.3	0.403
115.4	0.372
115.5	0.336
115.6	0.305
115.7	0.278
115.8	0.248
115.9	0.217
116	0.185
116.1	0.154
116.2	0.124
116.3	0.094
116.4	0.068
116.5	0.04
116.6	0.011
116.7	-0.018
116.8	-0.046
116.9	-0.07
117	-0.098
117.1	-0.128
117.2	-0.151
117.3	-0.179
117.4	-0.202
117.5	-0.23
117.6	-0.257
117.7	-0.285
117.8	-0.307
117.9	-0.332
118	-0.357
118.1	-0.381
118.2	-0.408
118.3	-0.427
118.4	-0.448
118.5	-0.467
118.6	-0.483
118.7	-0.5
118.8	-0.511
118.9	-0.526
119	-0.533
119.1	-0.542
119.2	-0.549
119.3	-0.553
119.4	-0.554
119.5	-0.551
119.6	-0.545
119.7	-0.534
119.8	-0.516
119.9	-0.49
120	-0.458
120.1	-0.42
120.2	-0.377
120.3	-0.334
120.4	-0.289
120.5	-0.243
120.6	-0.196
120.7	-0.143
120.8	-0.086
120.9	-0.027
121	0.029
121.1	0.082
121.2	0.134
121.3	0.185
121.4	0.234
121.5	0.281
121.6	0.324
121.7	0.365
121.8	0.4
121.9	0.432
122	0.461
122.1	0.487
122.2	0.513
122.3	0.535
122.4	0.557
122.5	0.577
122.6	0.599
122.7	0.617
122.8	0.635
122.9	0.652
123	0.671
123.1	0.69
123.2	0.707
123.3	0.723
123.4	0.739
123.5	0.755
123.6	0.771
123.7	0.787
123.8	0.803
123.9	0.817
124	0.832
124.1	0.844
124.2	0.855
124.3	0.865
124.4	0.877
124.5	0.886
124.6	0.892
124.7	0.898
124.8	0.902
124.9	0.906
125	0.907
125.1	0.906
125.2	0.903
125.3	0.898
125.4	0.891
125.5	0.883
125.6	0.873
125.7	0.861
125.8	0.846
125.9	0.829
126	0.81
126.1	0.792
126.2	0.772
126.3	0.75
126.4	0.727
126.5	0.705
126.6	0.678
126.7	0.65
126.8	0.623
126.9	0.595
127	0.568
127.1	0.54
127.2	0.511
127.3	0.483
127.4	0.454
127.5	0.425
127.6	0.395
127.7	0.363
127.8	0.335
127.9	0.304
128	0.275
128.1	0.247
128.2	0.215
128.3	0.185
128.4	0.156
128.5	0.125
128.6	0.094
128.7	0.066
128.8	0.037
128.9	0.008
129	-0.022
129.1	-0.052
129.2	-0.083
129.3	-0.111
129.4	-0.138
129.5	-0.166
129.6	-0.192
129.7	-0.214
129.8	-0.246
129.9	-0.274
130	-0.297
130.1	-0.324
130.2	-0.351
130.3	-0.376
130.4	-0.402
130.5	-0.42
130.6	-0.444
130.7	-0.465
130.8	-0.483
130.9	-0.502
131	-0.517
131.1	-0.537
131.2	-0.552
131.3	-0.565
131.4	-0.573
131.5	-0.585
131.6	-0.595
131.7	-0.604
131.8	-0.607
131.9	-0.61
132	-0.609
132.1	-0.605
132.2	-0.599
132.3	-0.586
132.4	-0.568
132.5	-0.542
132.6	-0.514
132.7	-0.477
132.8	-0.438
132.9	-0.39
133	-0.341
133.1	-0.291
133.2	-0.241
133.3	-0.186
133.4	-0.133
133.5	-0.077
133.6	-0.027
133.7	0.024
133.8	0.069
133.9	0.117
134	0.155
134.1	0.194
134.2	0.228
134.3	0.266
134.4	0.298
134.5	0.328
134.6	0.354
134.7	0.383
134.8	0.406
134.9	0.433
135	0.452
135.1	0.473
135.2	0.492
135.3	0.512
135.4	0.53
135.5	0.55
135.6	0.565
135.7	0.582
135.8	0.602
135.9	0.617
136	0.633
136.1	0.651
136.2	0.667
136.3	0.684
136.4	0.7
136.5	0.713
136.6	0.726
136.7	0.738
136.8	0.745
136.9	0.759
137	0.764
137.1	0.78
137.2	0.792
137.3	0.803
137.4	0.817
137.5	0.829
137.6	0.84
137.7	0.845
137.8	0.852
137.9	0.856
138	0.86
138.1	0.861
138.2	0.86
138.3	0.854
138.4	0.848
138.5	0.835
138.6	0.822
138.7	0.806
138.8	0.787
138.9	0.77
139	0.753
139.1	0.735
139.2	0.712
139.3	0.69
139.4	0.667
139.5	0.644
139.6	0.628
139.7	0.601
139.8	0.573
139.9	0.543
140	0.516
140.1	0.491
140.2	0.463
140.3	0.431
140.4	0.398
140.5	0.364
140.6	0.332
140.7	0.306
140.8	0.274
140.9	0.239
141	0.204
141.1	0.176
141.2	0.144
141.3	0.11
141.4	0.072
141.5	0.04
141.6	0.005
141.7	-0.028
141.8	-0.059
141.9	-0.092
142	-0.123
142.1	-0.156
142.2	-0.183
142.3	-0.213
142.4	-0.245
142.5	-0.27
142.6	-0.298
142.7	-0.322
142.8	-0.356
142.9	-0.384
143	-0.414
143.1	-0.433
143.2	-0.46
143.3	-0.482
143.4	-0.506
143.5	-0.528
143.6	-0.55
143.7	-0.573
143.8	-0.586
143.9	-0.604
144	-0.623
144.1	-0.633
144.2	-0.645
144.3	-0.653
144.4	-0.665
144.5	-0.669
144.6	-0.674
144.7	-0.675
144.8	-0.672
144.9	-0.657
145	-0.643
145.1	-0.622
145.2	-0.596
145.3	-0.564
145.4	-0.525
145.5	-0.489
145.6	-0.449
145.7	-0.403
145.8	-0.353
145.9	-0.302
146	-0.239
146.1	-0.186
146.2	-0.136
146.3	-0.086
146.4	-0.044
146.5	-0.003
146.6	0.031
146.7	0.074
146.8	0.106
146.9	0.143
147	0.181
147.1	0.208
147.2	0.235
147.3	0.268
147.4	0.294
147.5	0.319
147.6	0.336
147.7	0.363
147.8	0.37
147.9	0.393
148	0.407
148.1	0.428
148.2	0.448
148.3	0.465
148.4	0.481
148.5	0.495
148.6	0.514
148.7	0.528
148.8	0.542
148.9	0.555
149	0.566
149.1	0.573
149.2	0.577
149.3	0.577
149.4	0.584
149.5	0.584
149.6	0.585
149.7	0.58
149.8	0.58
149.9	0.569
150	0.56
150.1	0.551
150.2	0.545
150.3	0.543
150.4	0.526
150.5	0.509
150.6	0.496
150.7	0.481
150.8	0.468
150.9	0.459
151	0.442
151.1	0.427
151.2	0.404
151.3	0.39
151.4	0.374
151.5	0.355
151.6	0.322
151.7	0.3
151.8	0.273
151.9	0.254
152	0.225
152.1	0.2
152.2	0.17
152.3	0.137
152.4	0.121
152.5	0.087
152.6	0.07
152.7	0.039
152.8	0.013
152.9	-0.019
153	-0.044
153.1	-0.074
153.2	-0.101
153.3	-0.128
153.4	-0.153
153.5	-0.172
153.6	-0.207
153.7	-0.226
153.8	-0.252
153.9	-0.275
154	-0.303
154.1	-0.333
154.2	-0.361
154.3	-0.381
154.4	-0.416
154.5	-0.435
154.6	-0.46
154.7	-0.475
154.8	-0.497
154.9	-0.511
155	-0.518
155.1	-0.546
155.2	-0.568
155.3	-0.584
155.4	-0.599
155.5	-0.62
155.6	-0.615
155.7	-0.631
155.8	-0.629
155.9	-0.643
156	-0.626
156.1	-0.595
156.2	-0.565
156.3	-0.546
156.4	-0.515
156.5	-0.454
156.6	-0.413
156.7	-0.371
156.8	-0.341
156.9	-0.303
157	-0.257
157.1	-0.171
157.2	-0.111
157.3	-0.071
157.4	-0.06
157.5	-0.038
157.6	-0.016
157.7	0.03
157.8	0.084
157.9	0.133
158	0.166
158.1	0.196
158.2	0.253
158.3	0.306
158.4	0.351
158.5	0.399
158.6	0.457
158.7	0.527
158.8	0.575
158.9	0.609
159	0.647
159.1	0.692
159.2	0.759
159.3	0.808
159.4	0.86
159.5	0.906
159.6	0.956
159.7	0.992
159.8	1.024
159.9	1.053
160	1.082
160.1	1.118
160.2	1.156
160.3	1.184
160.4	1.212
160.5	1.24
160.6	1.266
160.7	1.29
160.8	1.312
160.9	1.333
161	1.359
161.1	1.381
161.2	1.401
161.3	1.422
161.4	1.442
161.5	1.466
161.6	1.489
161.7	1.511
161.8	1.53
161.9	1.552
162	1.574
162.1	1.59
162.2	1.611
162.3	1.63
162.4	1.648
162.5	1.664
162.6	1.675
162.7	1.686
162.8	1.696
162.9	1.707
163	1.715
163.1	1.723
163.2	1.727
163.3	1.729
163.4	1.73
163.5	1.731
163.6	1.731
163.7	1.73
163.8	1.725
163.9	1.717
164	1.705
164.1	1.694
164.2	1.68
164.3	1.666
164.4	1.646
164.5	1.625
164.6	1.601
164.7	1.581
164.8	1.562
164.9	1.539
165	1.515
165.1	1.491
165.2	1.474
165.3	1.452
165.4	1.431
165.5	1.414
165.6	1.394
165.7	1.371
165.8	1.348
165.9	1.329
166	1.307
166.1	1.291
166.2	1.273
166.3	1.25
166.4	1.231
166.5	1.209
166.6	1.184
166.7	1.17
166.8	1.15
166.9	1.131
167	1.114
167.1	1.092
167.2	1.073
167.3	1.056
167.4	1.037
167.5	1.017
167.6	0.991
167.7	0.973
167.8	0.956
167.9	0.937
168	0.91
168.1	0.893
168.2	0.871
168.3	0.853
168.4	0.837
168.5	0.822
168.6	0.805
168.7	0.788
168.8	0.781
168.9	0.777
169	0.782
169.1	0.769
169.2	0.763
169.3	0.753
169.4	0.748
169.5	0.747
169.6	0.749
169.7	0.748
169.8	0.742
169.9	0.727
170	0.723
170.1	0.724
170.2	0.725
170.3	0.731
170.4	0.736
170.5	0.734
170.6	0.741
170.7	0.746
170.8	0.756
170.9	0.768
171	0.782
171.1	0.793
171.2	0.802
171.3	0.815
171.4	0.826
171.5	0.847
171.6	0.862
171.7	0.879
171.8	0.894
171.9	0.909
172	0.918
172.1	0.93
172.2	0.942
172.3	0.958
172.4	0.979
172.5	1.003
172.6	1.024
172.7	1.038
172.8	1.05
172.9	1.067
173	1.083
173.1	1.097
173.2	1.109
173.3	1.118
173.4	1.13
173.5	1.139
173.6	1.149
173.7	1.155
173.8	1.162
173.9	1.171
174	1.175
174.1	1.183
174.2	1.188
174.3	1.194
174.4	1.197
174.5	1.197
174.6	1.188
174.7	1.181
174.8	1.178
174.9	1.177
175	1.187
175.1	1.187
175.2	1.16
175.3	1.139
175.4	1.128
175.5	1.133
175.6	1.129
175.7	1.112
175.8	1.09
175.9	1.075
176	1.064
176.1	1.059
176.2	1.043
176.3	1.021
176.4	0.997
176.5	0.978
176.6	0.961
176.7	0.944
176.8	0.93
176.9	0.912
177	0.89
177.1	0.871
177.2	0.854
177.3	0.838
177.4	0.821
177.5	0.804
177.6	0.787
177.7	0.775
177.8	0.761
177.9	0.743
178	0.728
178.1	0.715
178.2	0.706
178.3	0.693
178.4	0.674
178.5	0.658
178.6	0.639
178.7	0.614
178.8	0.593
178.9	0.575
179	0.557
179.1	0.542
179.2	0.522
179.3	0.506
179.4	0.491
179.5	0.478
179.6	0.464
179.7	0.449
179.8	0.432
179.9	0.414
180	0.4
180.1	0.392
180.2	0.375
180.3	0.366
180.4	0.355
180.5	0.344
180.6	0.336
180.7	0.323
180.8	0.308
180.9	0.302
181	0.293
181.1	0.283
181.2	0.281
181.3	0.271
181.4	0.268
181.5	0.269
181.6	0.276
181.7	0.28
181.8	0.287
181.9	0.293
182	0.299
182.1	0.314
182.2	0.325
182.3	0.34
182.4	0.348
182.5	0.363
182.6	0.387
182.7	0.418
182.8	0.449
182.9	0.482
183	0.503
183.1	0.535
183.2	0.562
183.3	0.586
183.4	0.61
183.5	0.634
183.6	0.659
183.7	0.689
183.8	0.716
183.9	0.741
184	0.768
184.1	0.802
184.2	0.837
184.3	0.878
184.4	0.908
184.5	0.937
184.6	0.963
184.7	0.993
184.8	1.029
184.9	1.067
185	1.095
185.1	1.119
185.2	1.147
185.3	1.169
185.4	1.193
185.5	1.21
185.6	1.227
185.7	1.242
185.8	1.256
185.9	1.27
186	1.288
186.1	1.3
186.2	1.309
186.3	1.317
186.4	1.324
186.5	1.326
186.6	1.332
186.7	1.336
186.8	1.339
186.9	1.346
187	1.355
187.1	1.361
187.2	1.366
187.3	1.366
187.4	1.357
187.5	1.347
187.6	1.337
187.7	1.327
187.8	1.318
187.9	1.309
188	1.298
188.1	1.29
188.2	1.28
188.3	1.268
188.4	1.252
188.5	1.23
188.6	1.208
188.7	1.188
188.8	1.165
188.9	1.14
189	1.117
189.1	1.095
189.2	1.075
189.3	1.053
189.4	1.027
189.5	1.003
189.6	0.98
189.7	0.955
189.8	0.932
189.9	0.909
190	0.884
190.1	0.861
190.2	0.841
190.3	0.817
190.4	0.796
190.5	0.769
190.6	0.75
190.7	0.729
190.8	0.712
190.9	0.69
191	0.673
191.1	0.658
191.2	0.648
191.3	0.631
191.4	0.61
191.5	0.593
191.6	0.579
191.7	0.564
191.8	0.547
191.9	0.537
192	0.522
192.1	0.511
192.2	0.5
192.3	0.483
192.4	0.466
192.5	0.456
192.6	0.448
192.7	0.44
192.8	0.428
192.9	0.416
193	0.409
193.1	0.404
193.2	0.393
193.3	0.379
193.4	0.37
193.5	0.359
193.6	0.354
193.7	0.349
193.8	0.34
193.9	0.341
194	0.343
194.1	0.355
194.2	0.368
194.3	0.384
194.4	0.395
194.5	0.398
194.6	0.396
194.7	0.406
194.8	0.414
194.9	0.423
195	0.426
195.1	0.428
195.2	0.439
195.3	0.451
195.4	0.468
195.5	0.485
195.6	0.499
195.7	0.516
195.8	0.528
195.9	0.545
196	0.566
196.1	0.592
196.2	0.635
196.3	0.69
196.4	0.713
196.5	0.739
196.6	0.759
196.7	0.796
196.8	0.841
196.9	0.884
197	0.887
197.1	0.901
197.2	0.936
197.3	0.969
197.4	1.008
197.5	1.044
197.6	1.073
197.7	1.092
197.8	1.108
197.9	1.149
198	1.168
198.1	1.216
198.2	1.221
198.3	1.221
198.4	1.228
198.5	1.258
198.6	1.311
198.7	1.354
198.8	1.377
198.9	1.37
199	1.367
199.1	1.386
199.2	1.385
199.3	1.384
199.4	1.375
199.5	1.369
199.6	1.361
199.7	1.347
199.8	1.327
199.9	1.314
200	1.309
200.1	1.303
200.2	1.291
200.3	1.277
200.4	1.252
200.5	1.239
200.6	1.229
200.7	1.22
200.8	1.209
200.9	1.192
201	1.181
201.1	1.176
201.2	1.166
201.3	1.161
201.4	1.148
201.5	1.122
201.6	1.093
201.7	1.068
201.8	1.052
201.9	1.037
202	1.02
202.1	1
202.2	0.982
202.3	0.966
202.4	0.95
202.5	0.948
202.6	0.929
202.7	0.918
202.8	0.915
202.9	0.91
203	0.895
203.1	0.872
203.2	0.85
203.3	0.844
203.4	0.833
203.5	0.819
203.6	0.8
203.7	0.795
203.8	0.787
203.9	0.779
204	0.776
204.1	0.768
204.2	0.755
204.3	0.747
204.4	0.742
204.5	0.732
204.6	0.728
204.7	0.717
204.8	0.706
204.9	0.684
205	0.692
205.1	0.688
205.2	0.693
205.3	0.703
205.4	0.702
205.5	0.696
205.6	0.693
205.7	0.702
205.8	0.684
205.9	0.692
206	0.68
206.1	0.672
206.2	0.657
206.3	0.649
206.4	0.649
206.5	0.642
206.6	0.643
206.7	0.637
206.8	0.634
206.9	0.632
207	0.639
207.1	0.645
207.2	0.656
207.3	0.668
207.4	0.679
207.5	0.684
207.6	0.696
207.7	0.711
207.8	0.726
207.9	0.74
208	0.754
208.1	0.771
208.2	0.788
208.3	0.801
208.4	0.819
208.5	0.834
208.6	0.855
208.7	0.868
208.8	0.892
208.9	0.91
209	0.941
209.1	0.961
209.2	0.982
209.3	1
209.4	1.024
209.5	1.044
209.6	1.068
209.7	1.088
209.8	1.103
209.9	1.129
210	1.153
210.1	1.178
210.2	1.207
210.3	1.228
210.4	1.246
210.5	1.259
210.6	1.291
210.7	1.314
210.8	1.339
210.9	1.363
211	1.378
211.1	1.392
211.2	1.413
211.3	1.431
211.4	1.44
211.5	1.441
211.6	1.433
211.7	1.426
211.8	1.417
211.9	1.406
212	1.397
212.1	1.389
212.2	1.38
212.3	1.372
212.4	1.364
212.5	1.357
212.6	1.345
212.7	1.329
212.8	1.32
212.9	1.306
213	1.301
213.1	1.292
213.2	1.284
213.3	1.27
213.4	1.254
213.5	1.24
213.6	1.228
213.7	1.216
213.8	1.207
213.9	1.193
214	1.179
214.1	1.157
214.2	1.148
214.3	1.139
214.4	1.121
214.5	1.105
214.6	1.089
214.7	1.086
214.8	1.074
214.9	1.056
215	1.036
215.1	1.036
215.2	1.023
215.3	1.006
215.4	0.988
215.5	0.977
215.6	0.962
215.7	0.948
215.8	0.927
215.9	0.92
216	0.907
216.1	0.899
216.2	0.889
216.3	0.873
216.4	0.853
216.5	0.848
216.6	0.837
216.7	0.827
216.8	0.816
216.9	0.802
217	0.795
217.1	0.79
217.2	0.778
217.3	0.762
217.4	0.759
217.5	0.754
217.6	0.753
217.7	0.735
217.8	0.728
217.9	0.722
218	0.718
218.1	0.704
218.2	0.699
218.3	0.689
218.4	0.695
218.5	0.685
218.6	0.671
218.7	0.671
218.8	0.671
218.9	0.666
219	0.667
219.1	0.659
219.2	0.656
219.3	0.662
219.4	0.673
219.5	0.66
219.6	0.661
219.7	0.664
219.8	0.668
219.9	0.669
220	0.672
220.1	0.677
220.2	0.677
220.3	0.684
220.4	0.69
220.5	0.692
220.6	0.7
220.7	0.71
220.8	0.727
220.9	0.732
221	0.746
221.1	0.755
221.2	0.768
221.3	0.781
221.4	0.799
221.5	0.819
221.6	0.838
221.7	0.852
221.8	0.864
221.9	0.876
222	0.896
222.1	0.92
222.2	0.942
222.3	0.959
222.4	0.974
222.5	0.993
222.6	1.01
222.7	1.022
222.8	1.036
222.9	1.051
223	1.06
223.1	1.069
223.2	1.077
223.3	1.086
223.4	1.094
223.5	1.1
223.6	1.104
223.7	1.108
223.8	1.113
223.9	1.113
224	1.115
224.1	1.114
224.2	1.113
224.3	1.11
224.4	1.105
224.5	1.101
224.6	1.097
224.7	1.086
224.8	1.075
224.9	1.07
225	1.062
225.1	1.052
225.2	1.039
225.3	1.032
225.4	1.027
225.5	1.019
225.6	1.003
225.7	0.99
225.8	0.984
225.9	0.973
226	0.961
226.1	0.949
226.2	0.934
226.3	0.927
226.4	0.915
226.5	0.906
226.6	0.892
226.7	0.886
226.8	0.871
226.9	0.857
227	0.851
227.1	0.842
227.2	0.835
227.3	0.826
227.4	0.819
227.5	0.793
227.6	0.79
227.7	0.784
227.8	0.777
227.9	0.759
228	0.754
228.1	0.745
228.2	0.723
228.3	0.717
228.4	0.715
228.5	0.713
228.6	0.701
228.7	0.687
228.8	0.67
228.9	0.652
229	0.662
229.1	0.653
229.2	0.637
229.3	0.628
229.4	0.622
229.5	0.616
229.6	0.616
229.7	0.596
229.8	0.588
229.9	0.585
230	0.579
230.1	0.576
230.2	0.576
230.3	0.567
230.4	0.552
230.5	0.554
230.6	0.551
230.7	0.547
230.8	0.544
230.9	0.538
231	0.531
231.1	0.535
231.2	0.54
231.3	0.526
231.4	0.527
231.5	0.527
231.6	0.527
231.7	0.517
231.8	0.516
231.9	0.518
232	0.521
232.1	0.522
232.2	0.528
232.3	0.54
232.4	0.534
232.5	0.549
232.6	0.558
232.7	0.568
232.8	0.578
232.9	0.583
233	0.595
233.1	0.611
233.2	0.635
233.3	0.663
233.4	0.689
233.5	0.704
233.6	0.712
233.7	0.721
233.8	0.732
233.9	0.751
234	0.769
234.1	0.789
234.2	0.808
234.3	0.824
234.4	0.841
234.5	0.862
234.6	0.882
234.7	0.9
234.8	0.916
234.9	0.935
235	0.954
235.1	0.972
235.2	0.992
235.3	1.006
235.4	1.021
235.5	1.036
235.6	1.046
235.7	1.057
235.8	1.066
235.9	1.077
236	1.083
236.1	1.09
236.2	1.096
236.3	1.096
236.4	1.102
236.5	1.108
236.6	1.111
236.7	1.115
236.8	1.12
236.9	1.121
237	1.122
237.1	1.121
237.2	1.121
237.3	1.117
237.4	1.104
237.5	1.097
237.6	1.093
237.7	1.089
237.8	1.083
237.9	1.077
238	1.064
238.1	1.051
238.2	1.042
238.3	1.031
238.4	1.021
238.5	0.998
238.6	0.984
238.7	0.976
238.8	0.969
238.9	0.958
239	0.943
239.1	0.93
239.2	0.913
239.3	0.9
239.4	0.895
239.5	0.879
239.6	0.86
239.7	0.845
239.8	0.839
239.9	0.831
240	0.813
240.1	0.808
240.2	0.8
240.3	0.796
240.4	0.782
240.5	0.757
240.6	0.746
240.7	0.749
240.8	0.74
240.9	0.714
241	0.7
241.1	0.693
241.2	0.688
241.3	0.678
241.4	0.661
241.5	0.657
241.6	0.648
241.7	0.631
241.8	0.625
241.9	0.615
242	0.592
242.1	0.583
242.2	0.577
242.3	0.578
242.4	0.57
242.5	0.551
242.6	0.548
242.7	0.542
242.8	0.528
242.9	0.51
243	0.511
243.1	0.501
243.2	0.513
243.3	0.492
243.4	0.48
243.5	0.477
243.6	0.48
243.7	0.465
243.8	0.458
243.9	0.46
244	0.47
244.1	0.461
244.2	0.448
244.3	0.453
244.4	0.462
244.5	0.462
244.6	0.456
244.7	0.461
244.8	0.463
244.9	0.46
245	0.456
245.1	0.468
245.2	0.472
245.3	0.483
245.4	0.491
245.5	0.5
245.6	0.502
245.7	0.519
245.8	0.527
245.9	0.533
246	0.549
246.1	0.562
246.2	0.579
246.3	0.59
246.4	0.604
246.5	0.61
246.6	0.623
246.7	0.638
246.8	0.651
246.9	0.668
247	0.682
247.1	0.695
247.2	0.709
247.3	0.725
247.4	0.738
247.5	0.751
247.6	0.761
247.7	0.772
247.8	0.787
247.9	0.8
248	0.809
248.1	0.814
248.2	0.824
248.3	0.834
248.4	0.843
248.5	0.85
248.6	0.858
248.7	0.864
248.8	0.867
248.9	0.87
249	0.871
249.1	0.873
249.2	0.87
249.3	0.876
249.4	0.883
249.5	0.884
249.6	0.886
249.7	0.882
249.8	0.866
249.9	0.863
250	0.864
250.1	0.864
250.2	0.856
250.3	0.851
250.4	0.841
250.5	0.836
250.6	0.831
250.7	0.825
250.8	0.813
250.9	0.802
251	0.792
251.1	0.787
251.2	0.775
251.3	0.761
251.4	0.75
251.5	0.744
251.6	0.734
251.7	0.722
251.8	0.707
251.9	0.704
252	0.696
252.1	0.677
252.2	0.658
252.3	0.657
252.4	0.653
252.5	0.64
252.6	0.622
252.7	0.616
252.8	0.612
252.9	0.589
253	0.582
253.1	0.574
253.2	0.566
253.3	0.562
253.4	0.54
253.5	0.529
253.6	0.528
253.7	0.521
253.8	0.497
253.9	0.489
254	0.484
254.1	0.481
254.2	0.461
254.3	0.442
254.4	0.438
254.5	0.441
254.6	0.436
254.7	0.412
254.8	0.407
254.9	0.412
255	0.412
255.1	0.398
255.2	0.394
255.3	0.389
255.4	0.377
255.5	0.381
255.6	0.377
255.7	0.372
255.8	0.376
255.9	0.375
256	0.364
256.1	0.368
256.2	0.372
256.3	0.367
256.4	0.362
256.5	0.358
256.6	0.35
256.7	0.357
256.8	0.358
256.9	0.357
257	0.358
257.1	0.367
257.2	0.377
257.3	0.383
257.4	0.405
257.5	0.422
257.6	0.439
257.7	0.457
257.8	0.464
257.9	0.47
258	0.489
258.1	0.507
258.2	0.535
258.3	0.552
258.4	0.561
258.5	0.555
258.6	0.585
258.7	0.622
258.8	0.647
258.9	0.67
259	0.687
259.1	0.712
259.2	0.733
259.3	0.753
259.4	0.768
259.5	0.788
259.6	0.811
259.7	0.831
259.8	0.852
259.9	0.87
260	0.891
260.1	0.91
260.2	0.925
260.3	0.942
260.4	0.956
260.5	0.969
260.6	0.981
260.7	0.991
260.8	1.001
260.9	1.007
261	1.014
261.1	1.021
261.2	1.031
261.3	1.036
261.4	1.038
261.5	1.042
261.6	1.044
261.7	1.044
261.8	1.039
261.9	1.041
262	1.039
262.1	1.04
262.2	1.036
262.3	1.029
262.4	1.018
262.5	1.011
262.6	1.013
262.7	1.009
262.8	1.001
262.9	0.988
263	0.98
263.1	0.973
263.2	0.967
263.3	0.955
263.4	0.947
263.5	0.94
263.6	0.926
263.7	0.915
263.8	0.898
263.9	0.892
264	0.888
264.1	0.869
264.2	0.861
264.3	0.846
264.4	0.838
264.5	0.825
264.6	0.812
264.7	0.803
264.8	0.785
264.9	0.775
265	0.766
265.1	0.757
265.2	0.741
265.3	0.726
265.4	0.727
265.5	0.716
265.6	0.697
265.7	0.689
265.8	0.676
265.9	0.666
266	0.647
266.1	0.64
266.2	0.645
266.3	0.629
266.4	0.611
266.5	0.61
266.6	0.585
266.7	0.574
266.8	0.571
266.9	0.561
267	0.536
267.1	0.527
267.2	0.524
267.3	0.522
267.4	0.504
267.5	0.491
267.6	0.48
267.7	0.464
267.8	0.463
267.9	0.456
268	0.451
268.1	0.435
268.2	0.416
268.3	0.418
268.4	0.421
268.5	0.422
268.6	0.402
268.7	0.395
268.8	0.392
268.9	0.394
269	0.388
269.1	0.391
269.2	0.384
269.3	0.382
269.4	0.384
269.5	0.385
269.6	0.391
269.7	0.396
269.8	0.398
269.9	0.389
270	0.393
270.1	0.408
270.2	0.424
270.3	0.437
270.4	0.431
270.5	0.434
270.6	0.463
270.7	0.48
270.8	0.492
270.9	0.507
271	0.53
271.1	0.549
271.2	0.568
271.3	0.577
271.4	0.592
271.5	0.619
271.6	0.64
271.7	0.657
271.8	0.664
271.9	0.677
272	0.692
272.1	0.707
272.2	0.716
272.3	0.723
272.4	0.728
272.5	0.741
272.6	0.759
272.7	0.772
272.8	0.783
272.9	0.788
273	0.792
273.1	0.796
273.2	0.805
273.3	0.818
273.4	0.827
273.5	0.834
273.6	0.833
273.7	0.835
273.8	0.838
273.9	0.842
274	0.846
274.1	0.848
274.2	0.846
274.3	0.845
274.4	0.848
274.5	0.852
274.6	0.846
274.7	0.845
274.8	0.848
274.9	0.845
275	0.842
275.1	0.834
275.2	0.833
275.3	0.827
275.4	0.82
275.5	0.807
275.6	0.803
275.7	0.803
275.8	0.789
275.9	0.775
276	0.768
276.1	0.754
276.2	0.752
276.3	0.742
276.4	0.72
276.5	0.717
276.6	0.709
276.7	0.699
276.8	0.682
276.9	0.664
277	0.656
277.1	0.649
277.2	0.645
277.3	0.621
277.4	0.614
277.5	0.615
277.6	0.602
277.7	0.568
277.8	0.576
277.9	0.567
278	0.552
278.1	0.545
278.2	0.533
278.3	0.519
278.4	0.507
278.5	0.494
278.6	0.498
278.7	0.487
278.8	0.466
278.9	0.477
279	0.47
279.1	0.468
279.2	0.456
279.3	0.441
279.4	0.448
279.5	0.429
279.6	0.425
279.7	0.422
279.8	0.422
279.9	0.405
280	0.4
280.1	0.405
280.2	0.4
280.3	0.388
280.4	0.394
280.5	0.389
280.6	0.396
280.7	0.39
280.8	0.382
280.9	0.387
281	0.391
281.1	0.379
281.2	0.385
281.3	0.387
281.4	0.396
281.5	0.401
281.6	0.393
281.7	0.399
281.8	0.414
281.9	0.425
282	0.423
282.1	0.428
282.2	0.445
282.3	0.464
282.4	0.477
282.5	0.496
282.6	0.512
282.7	0.526
282.8	0.546
282.9	0.562
283	0.57
283.1	0.599
283.2	0.624
283.3	0.65
283.4	0.67
283.5	0.694
283.6	0.709
283.7	0.725
283.8	0.74
283.9	0.757
284	0.781
284.1	0.802
284.2	0.825
284.3	0.848
284.4	0.85
284.5	0.86
284.6	0.871
284.7	0.9
284.8	0.911
284.9	0.922
285	0.928
285.1	0.945
285.2	0.961
285.3	0.975
285.4	0.986
285.5	0.995
285.6	1.006
285.7	1.018
285.8	1.031
285.9	1.032
286	1.038
286.1	1.043
286.2	1.055
286.3	1.065
286.4	1.067
286.5	1.067
286.6	1.064
286.7	1.062
286.8	1.062
286.9	1.058
287	1.059
287.1	1.058
287.2	1.049
287.3	1.049
287.4	1.043
287.5	1.029
287.6	1.032
287.7	1.026
287.8	1.01
287.9	1.002
288	0.999
288.1	0.992
288.2	0.977
288.3	0.966
288.4	0.967
288.5	0.957
288.6	0.942
288.7	0.922
288.8	0.923
288.9	0.92
289	0.903
289.1	0.883
289.2	0.883
289.3	0.881
289.4	0.863
289.5	0.851
289.6	0.842
289.7	0.84
289.8	0.824
289.9	0.801
290	0.803
290.1	0.794
290.2	0.787
290.3	0.773
290.4	0.756
290.5	0.753
290.6	0.749
290.7	0.731
290.8	0.702
290.9	0.707
291	0.712
291.1	0.684
291.2	0.674
291.3	0.674
291.4	0.667
291.5	0.639
291.6	0.642
291.7	0.635
291.8	0.627
291.9	0.605
292	0.608
292.1	0.604
292.2	0.579
292.3	0.576
292.4	0.57
292.5	0.561
292.6	0.544
292.7	0.558
292.8	0.546
292.9	0.536
293	0.519
293.1	0.525
293.2	0.522
293.3	0.509
293.4	0.503
293.5	0.506
293.6	0.503
293.7	0.493
293.8	0.494
293.9	0.497
294	0.494
294.1	0.492
294.2	0.503
294.3	0.485
294.4	0.499
294.5	0.505
294.6	0.518
294.7	0.512
294.8	0.512
294.9	0.54
295	0.544
295.1	0.542
295.2	0.551
295.3	0.565
295.4	0.579
295.5	0.59
295.6	0.601
295.7	0.623
295.8	0.636
295.9	0.638
296	0.65
296.1	0.671
296.2	0.686
296.3	0.7
296.4	0.705
296.5	0.724
296.6	0.736
296.7	0.753
296.8	0.753
296.9	0.769
297	0.782
297.1	0.803
297.2	0.809
297.3	0.815
297.4	0.827
297.5	0.845
297.6	0.86
297.7	0.87
297.8	0.873
297.9	0.886
298	0.897
298.1	0.91
298.2	0.913
298.3	0.91
298.4	0.914
298.5	0.923
298.6	0.933
298.7	0.939
298.8	0.937
298.9	0.943
299	0.95
299.1	0.955
299.2	0.955
299.3	0.949
299.4	0.946
299.5	0.95
299.6	0.951
299.7	0.944
299.8	0.933
299.9	0.932
300	0.931
300.1	0.933
300.2	0.92
300.3	0.908
300.4	0.902
300.5	0.9
300.6	0.893
300.7	0.881
300.8	0.876
300.9	0.873
301	0.857
301.1	0.842
301.2	0.841
301.3	0.833
301.4	0.821
301.5	0.804
301.6	0.796
301.7	0.795
301.8	0.788
301.9	0.769
302	0.76
302.1	0.755
302.2	0.746
302.3	0.729
302.4	0.729
302.5	0.728
302.6	0.713
302.7	0.69
302.8	0.698
302.9	0.688
303	0.682
303.1	0.665
303.2	0.661
303.3	0.656
303.4	0.649
303.5	0.63
303.6	0.629
303.7	0.626
303.8	0.62
303.9	0.592
304	0.601
304.1	0.597
304.2	0.602
304.3	0.567
304.4	0.578
304.5	0.567
304.6	0.57
304.7	0.549
304.8	0.553
304.9	0.557
305	0.535
305.1	0.53
305.2	0.535
305.3	0.531
305.4	0.519
305.5	0.522
305.6	0.53
305.7	0.52
305.8	0.526
305.9	0.515
306	0.513
306.1	0.511
306.2	0.521
306.3	0.534
306.4	0.536
306.5	0.52
306.6	0.531
306.7	0.539
306.8	0.558
306.9	0.555
307	0.554
307.1	0.565
307.2	0.596
307.3	0.608
307.4	0.598
307.5	0.619
307.6	0.643
307.7	0.66
307.8	0.669
307.9	0.687
308	0.708
308.1	0.733
308.2	0.745
308.3	0.757
308.4	0.78
308.5	0.807
308.6	0.824
308.7	0.834
308.8	0.843
308.9	0.857
309	0.892
309.1	0.944
309.2	0.886
309.3	0.927
309.4	0.932
309.5	0.959
309.6	0.973
309.7	0.996
309.8	0.999
309.9	1.023
310	1.034
310.1	1.048
310.2	1.063
310.3	1.078
310.4	1.08
310.5	1.092
310.6	1.092
310.7	1.108
310.8	1.128
310.9	1.166
311	1.174
311.1	1.095
311.2	1.127
311.3	1.122
311.4	1.137
311.5	1.137
311.6	1.137
311.7	1.137
311.8	1.137
311.9	1.126
312	1.126
312.1	1.121
312.2	1.129
312.3	1.129
312.4	1.121
312.5	1.11
312.6	1.113
312.7	1.112
312.8	1.096
312.9	1.095
313	1.093
313.1	1.077
313.2	1.067
313.3	1.07
313.4	1.064
313.5	1.039
313.6	1.027
313.7	1.032
313.8	1.025
313.9	1.015
314	0.995
314.1	0.992
314.2	0.982
314.3	0.978
314.4	0.954
314.5	0.961
314.6	0.944
314.7	0.937
314.8	0.93
314.9	0.926
315	0.905
315.1	0.908
315.2	0.898
315.3	0.88
315.4	0.869
315.5	0.876
315.6	0.856
315.7	0.846
315.8	0.841
315.9	0.817
316	0.808
316.1	0.813
316.2	0.806
316.3	0.769
316.4	0.784
316.5	0.779
316.6	0.756
316.7	0.748
316.8	0.75
316.9	0.721
317	0.716
317.1	0.727
317.2	0.699
317.3	0.702
317.4	0.702
317.5	0.678
317.6	0.677
317.7	0.673
317.8	0.673
317.9	0.653
318	0.666
318.1	0.668
318.2	0.651
318.3	0.652
318.4	0.628
318.5	0.632
318.6	0.656
318.7	0.642
318.8	0.62
318.9	0.638
319	0.645
319.1	0.626
319.2	0.645
319.3	0.655
319.4	0.659
319.5	0.646
319.6	0.672
319.7	0.684
319.8	0.675
319.9	0.698
320	0.717
320.1	0.737
320.2	0.726
320.3	0.748
320.4	0.77
320.5	0.777
320.6	0.792
320.7	0.805
320.8	0.819
320.9	0.837
321	0.856
321.1	0.851
321.2	0.872
321.3	0.892
321.4	0.919
321.5	0.926
321.6	0.932
321.7	0.951
321.8	0.966
321.9	0.977
322	0.988
322.1	1.009
322.2	1.023
322.3	1.036
322.4	1.045
322.5	1.054
322.6	1.065
322.7	1.077
322.8	1.082
322.9	1.09
323	1.1
323.1	1.111
323.2	1.113
323.3	1.112
323.4	1.118
323.5	1.112
323.6	1.118
323.7	1.117
323.8	1.117
323.9	1.11
324	1.113
324.1	1.116
324.2	1.115
324.3	1.094
324.4	1.107
324.5	1.106
324.6	1.091
324.7	1.088
324.8	1.082
324.9	1.086
325	1.067
325.1	1.086
325.2	1.052
325.3	1.038
325.4	1.042
325.5	1.036
325.6	1
325.7	1.009
325.8	1.014
325.9	0.998
326	0.982
326.1	0.985
326.2	0.976
326.3	0.96
326.4	0.952
326.5	0.954
326.6	0.939
326.7	0.931
326.8	0.924
326.9	0.922
327	0.898
327.1	0.899
327.2	0.903
327.3	0.9
327.4	0.879
327.5	0.866
327.6	0.862
327.7	0.847
327.8	0.846
327.9	0.839
328	0.841
328.1	0.832
328.2	0.813
328.3	0.825
328.4	0.808
328.5	0.797
328.6	0.786
328.7	0.791
328.8	0.789
328.9	0.781
329	0.753
329.1	0.769
329.2	0.747
329.3	0.744
329.4	0.75
329.5	0.722
329.6	0.734
329.7	0.73
329.8	0.701
329.9	0.702
330	0.713
330.1	0.716
330.2	0.688
330.3	0.698
330.4	0.696
330.5	0.679
330.6	0.682
330.7	0.692
330.8	0.664
330.9	0.684
331	0.682
331.1	0.68
331.2	0.676
331.3	0.669
331.4	0.68
331.5	0.691
331.6	0.702
331.7	0.692
331.8	0.707
331.9	0.735
332	0.767
332.1	0.675
332.2	0.755
332.3	0.739
332.4	0.776
332.5	0.768
332.6	0.788
332.7	0.802
332.8	0.82
332.9	0.843
333	0.862
333.1	0.881
333.2	0.888
333.3	0.912
333.4	0.929
333.5	0.955
333.6	0.958
333.7	0.986
333.8	1.006
333.9	1.028
334	1.056
334.1	1.072
334.2	1.084
334.3	1.107
334.4	1.128
334.5	1.16
334.6	1.175
334.7	1.21
334.8	1.217
334.9	1.206
335	1.235
335.1	1.249
335.2	1.257
335.3	1.276
335.4	1.282
335.5	1.281
335.6	1.298
335.7	1.305
335.8	1.315
335.9	1.316
336	1.318
336.1	1.317
336.2	1.324
336.3	1.318
336.4	1.327
336.5	1.321
336.6	1.326
336.7	1.319
336.8	1.316
336.9	1.305
337	1.306
337.1	1.297
337.2	1.296
337.3	1.274
337.4	1.276
337.5	1.27
337.6	1.26
337.7	1.259
337.8	1.249
337.9	1.235
338	1.237
338.1	1.23
338.2	1.213
338.3	1.206
338.4	1.184
338.5	1.187
338.6	1.164
338.7	1.163
338.8	1.16
338.9	1.143
339	1.116
339.1	1.126
339.2	1.12
339.3	1.091
339.4	1.091
339.5	1.078
339.6	1.058
339.7	1.05
339.8	1.051
339.9	1.041
340	1.01
340.1	1.016
340.2	1.005
340.3	0.976
340.4	0.982
340.5	0.974
340.6	0.944
340.7	0.956
340.8	0.942
340.9	0.923
341	0.91
341.1	0.915
341.2	0.893
341.3	0.889
341.4	0.897
341.5	0.88
341.6	0.858
341.7	0.862
341.8	0.843
341.9	0.838
342	0.835
342.1	0.83
342.2	0.816
342.3	0.802
342.4	0.805
342.5	0.814
342.6	0.784
342.7	0.787
342.8	0.764
342.9	0.785
343	0.772
343.1	0.752
343.2	0.756
343.3	0.756
343.4	0.757
343.5	0.773
343.6	0.748
343.7	0.751
343.8	0.755
343.9	0.751
344	0.757
344.1	0.757
344.2	0.762
344.3	0.758
344.4	0.779
344.5	0.77
344.6	0.79
344.7	0.791
344.8	0.798
344.9	0.807
345	0.821
345.1	0.839
345.2	0.837
345.3	0.842
345.4	0.866
345.5	0.877
345.6	0.895
345.7	0.902
345.8	0.918
345.9	0.932
346	0.94
346.1	0.952
346.2	0.977
346.3	0.987
346.4	0.991
346.5	1.004
346.6	1.032
346.7	1.05
346.8	1.061
346.9	1.059
347	1.073
347.1	1.085
347.2	1.107
347.3	1.118
347.4	1.124
347.5	1.131
347.6	1.135
347.7	1.144
347.8	1.155
347.9	1.169
348	1.172
348.1	1.176
348.2	1.17
348.3	1.184
348.4	1.198
348.5	1.203
348.6	1.201
348.7	1.191
348.8	1.19
348.9	1.194
349	1.192
349.1	1.192
349.2	1.195
349.3	1.176
349.4	1.189
349.5	1.188
349.6	1.172
349.7	1.173
349.8	1.158
349.9	1.159
350	1.16
350.1	1.151
350.2	1.124
350.3	1.126
350.4	1.105
350.5	1.116
350.6	1.104
350.7	1.093
350.8	1.067
350.9	1.07
351	1.074
351.1	1.054
351.2	1.027
351.3	1.032
351.4	1.022
351.5	1.011
351.6	1.016
351.7	1.01
351.8	0.979
351.9	0.974
352	0.985
352.1	0.954
352.2	0.957
352.3	0.951
352.4	0.944
352.5	0.927
352.6	0.927
352.7	0.905
352.8	0.896
352.9	0.895
353	0.888
353.1	0.871
353.2	0.873
353.3	0.87
353.4	0.865
353.5	0.836
353.6	0.849
353.7	0.821
353.8	0.827
353.9	0.812
354	0.806
354.1	0.774
354.2	0.778
354.3	0.786
354.4	0.779
354.5	0.771
354.6	0.753
354.7	0.743
354.8	0.741
354.9	0.75
355	0.733
355.1	0.715
355.2	0.727
355.3	0.724
355.4	0.716
355.5	0.711
355.6	0.71
355.7	0.691
355.8	0.703
355.9	0.712
356	0.713
356.1	0.706
356.2	0.715
356.3	0.703
356.4	0.725
356.5	0.733
356.6	0.74
356.7	0.742
356.8	0.739
356.9	0.753
357	0.785
357.1	0.794
357.2	0.794
357.3	0.825
357.4	0.842
357.5	0.862
357.6	0.875
357.7	0.899
357.8	0.929
357.9	0.97
358	0.935
358.1	0.976
358.2	0.983
358.3	0.989
358.4	1.012
358.5	1.044
358.6	1.057
358.7	1.081
358.8	1.1
358.9	1.118
359	1.129
359.1	1.149
359.2	1.177
359.3	1.194
359.4	1.211
359.5	1.22
359.6	1.24
359.7	1.262
359.8	1.277
359.9	1.284
360	1.294
360.1	1.31
360.2	1.305
360.3	1.313
360.4	1.324
360.5	1.334
360.6	1.337
360.7	1.33
360.8	1.335
360.9	1.338
361	1.343
361.1	1.339
361.2	1.338
361.3	1.321
361.4	1.32
361.5	1.322
361.6	1.324
361.7	1.315
361.8	1.306
361.9	1.306
362	1.292
362.1	1.284
362.2	1.286
362.3	1.278
362.4	1.258
362.5	1.265
362.6	1.252
362.7	1.236
362.8	1.223
362.9	1.222
363	1.214
363.1	1.199
363.2	1.181
363.3	1.187
363.4	1.172
363.5	1.155
363.6	1.146
363.7	1.125
363.8	1.127
363.9	1.102
364	1.107
364.1	1.074
364.2	1.088
364.3	1.069
364.4	1.058
364.5	1.026
364.6	1.043
364.7	1.03
364.8	1.006
364.9	0.987
365	1
365.1	0.982
365.2	0.952
365.3	0.957
365.4	0.954
365.5	0.934
365.6	0.934
365.7	0.923
365.8	0.902
365.9	0.907
366	0.885
366.1	0.866
366.2	0.861
366.3	0.865
366.4	0.841
366.5	0.839
366.6	0.818
366.7	0.814
366.8	0.809
366.9	0.813
367	0.781
367.1	0.791
367.2	0.78
367.3	0.791
367.4	0.78
367.5	0.773
367.6	0.738
367.7	0.757
367.8	0.745
367.9	0.74
368	0.753
368.1	0.749
368.2	0.718
368.3	0.736
368.4	0.737
368.5	0.738
368.6	0.727
368.7	0.738
368.8	0.748
368.9	0.761
369	0.735
369.1	0.768
369.2	0.757
369.3	0.774
369.4	0.774
369.5	0.793
369.6	0.808
369.7	0.818
369.8	0.828
369.9	0.846
370	0.864
370.1	0.883
370.2	0.881
370.3	0.907
370.4	0.932
370.5	0.94
370.6	0.954
370.7	0.976
370.8	0.991
370.9	1.001
371	1.019
371.1	1.04
371.2	1.06
371.3	1.078
371.4	1.087
371.5	1.102
371.6	1.118
371.7	1.138
371.8	1.154
371.9	1.162
372	1.173
372.1	1.194
372.2	1.209
372.3	1.216
372.4	1.221
372.5	1.224
372.6	1.237
372.7	1.236
372.8	1.23
372.9	1.24
373	1.241
373.1	1.234
373.2	1.235
373.3	1.238
373.4	1.239
373.5	1.235
373.6	1.225
373.7	1.227
373.8	1.226
373.9	1.212
374	1.209
374.1	1.202
374.2	1.204
374.3	1.182
374.4	1.182
374.5	1.18
374.6	1.173
374.7	1.151
374.8	1.149
374.9	1.142
375	1.136
375.1	1.116
375.2	1.109
375.3	1.098
375.4	1.099
375.5	1.072
375.6	1.074
375.7	1.076
375.8	1.052
375.9	1.035
376	1.023
376.1	1.021
376.2	1.01
376.3	0.998
376.4	0.995
376.5	0.974
376.6	0.958
376.7	0.966
376.8	0.947
376.9	0.946
377	0.942
377.1	0.917
377.2	0.897
377.3	0.905
377.4	0.878
377.5	0.874
377.6	0.865
377.7	0.868
377.8	0.831
377.9	0.837
378	0.836
378.1	0.824
378.2	0.809
378.3	0.792
378.4	0.793
378.5	0.792
378.6	0.777
378.7	0.762
378.8	0.737
378.9	0.756
379	0.745
379.1	0.743
379.2	0.72
379.3	0.73
379.4	0.712
379.5	0.72
379.6	0.711
379.7	0.683
379.8	0.693
379.9	0.686
380	0.684
380.1	0.685
380.2	0.688
380.3	0.663
380.4	0.666
380.5	0.676
380.6	0.689
380.7	0.665
380.8	0.681
380.9	0.684
381	0.671
381.1	0.689
381.2	0.704
381.3	0.705
381.4	0.693
381.5	0.711
381.6	0.726
381.7	0.746
381.8	0.743
381.9	0.757
382	0.775
382.1	0.811
382.2	0.823
382.3	0.836
382.4	0.845
382.5	0.861
382.6	0.897
382.7	0.912
382.8	0.923
382.9	0.943
383	0.966
383.1	0.995
383.2	1.014
383.3	1.018
383.4	1.04
383.5	1.066
383.6	1.091
383.7	1.105
383.8	1.121
383.9	1.137
384	1.161
384.1	1.183
384.2	1.204
384.3	1.211
384.4	1.223
384.5	1.242
384.6	1.258
384.7	1.271
384.8	1.275
384.9	1.281
385	1.295
385.1	1.304
385.2	1.307
385.3	1.309
385.4	1.316
385.5	1.319
385.6	1.316
385.7	1.316
385.8	1.319
385.9	1.321
386	1.307
386.1	1.305
386.2	1.3
386.3	1.3
386.4	1.294
386.5	1.281
386.6	1.268
386.7	1.265
386.8	1.262
386.9	1.254
387	1.236
387.1	1.239
387.2	1.226
387.3	1.212
387.4	1.198
387.5	1.2
387.6	1.171
387.7	1.158
387.8	1.153
387.9	1.145
388	1.126
388.1	1.112
388.2	1.113
388.3	1.088
388.4	1.076
388.5	1.069
388.6	1.051
388.7	1.048
388.8	1.025
388.9	1.02
389	1.001
389.1	0.987
389.2	0.995
389.3	0.956
389.4	0.949
389.5	0.94
389.6	0.943
389.7	0.912
389.8	0.906
389.9	0.906
390	0.883
390.1	0.879
390.2	0.872
390.3	0.847
390.4	0.832
390.5	0.844
390.6	0.825
390.7	0.804
390.8	0.802
390.9	0.792
391	0.766
391.1	0.775
391.2	0.761
391.3	0.744
391.4	0.73
391.5	0.731
391.6	0.737
391.7	0.719
391.8	0.702
391.9	0.709
392	0.685
392.1	0.698
392.2	0.69
392.3	0.682
392.4	0.66
392.5	0.658
392.6	0.673
392.7	0.655
392.8	0.662
392.9	0.66
393	0.669
393.1	0.663
393.2	0.665
393.3	0.672
393.4	0.683
393.5	0.675
393.6	0.689
393.7	0.703
393.8	0.703
393.9	0.698
394	0.731
394.1	0.741
394.2	0.745
394.3	0.752
394.4	0.773
394.5	0.798
394.6	0.816
394.7	0.817
394.8	0.829
394.9	0.855
395	0.881
395.1	0.884
395.2	0.908
395.3	0.935
395.4	0.946
395.5	0.96
395.6	0.972
395.7	0.99
395.8	1.015
395.9	1.034
396	1.039
396.1	1.056
396.2	1.078
396.3	1.095
396.4	1.106
396.5	1.123
396.6	1.122
396.7	1.137
396.8	1.154
396.9	1.169
397	1.173
397.1	1.169
397.2	1.176
397.3	1.188
397.4	1.185
397.5	1.19
397.6	1.188
397.7	1.193
397.8	1.2
397.9	1.19
398	1.186
398.1	1.197
398.2	1.187
398.3	1.174
398.4	1.178
398.5	1.178
398.6	1.173
398.7	1.157
398.8	1.152
398.9	1.153
399	1.18
399.1	1.1
399.2	1.1
399.3	1.096
399.4	1.099
399.5	1.079
399.6	1.081
399.7	1.071
399.8	1.067
399.9	1.044
400	1.037
400.1	1.036
400.2	1.021
400.3	1.001
400.4	0.996
400.5	0.98
400.6	0.967
400.7	0.964
400.8	0.961
400.9	0.93
401	0.932
401.1	0.914
401.2	0.911
401.3	0.883
401.4	0.88
401.5	0.874
401.6	0.867
401.7	0.844
401.8	0.845
401.9	0.821
402	0.818
402.1	0.796
402.2	0.787
402.3	0.786
402.4	0.77
402.5	0.756
402.6	0.743
402.7	0.745
402.8	0.725
402.9	0.712
403	0.712
403.1	0.69
403.2	0.68
403.3	0.667
403.4	0.669
403.5	0.651
403.6	0.644
403.7	0.631
403.8	0.627
403.9	0.622
404	0.629
404.1	0.602
404.2	0.598
404.3	0.606
404.4	0.571
404.5	0.582
404.6	0.57
404.7	0.573
404.8	0.57
404.9	0.569
405	0.564
405.1	0.566
405.2	0.551
405.3	0.555
405.4	0.571
405.5	0.565
405.6	0.57
405.7	0.581
405.8	0.578
405.9	0.593
406	0.599
406.1	0.605
406.2	0.632
406.3	0.647
406.4	0.664
406.5	0.681
406.6	0.702
406.7	0.725
406.8	0.754
406.9	0.775
407	0.792
407.1	0.806
407.2	0.835
407.3	0.86
407.4	0.887
407.5	0.911
407.6	0.933
407.7	0.956
407.8	0.98
407.9	1.007
408	1.03
408.1	1.052
408.2	1.076
408.3	1.1
408.4	1.12
408.5	1.144
408.6	1.164
408.7	1.186
408.8	1.203
408.9	1.221
409	1.234
409.1	1.25
409.2	1.264
409.3	1.281
409.4	1.288
409.5	1.29
409.6	1.292
409.7	1.297
409.8	1.305
409.9	1.307
410	1.3
410.1	1.299
410.2	1.302
410.3	1.3
410.4	1.29
410.5	1.283
410.6	1.282
410.7	1.275
410.8	1.264
410.9	1.256
411	1.252
411.1	1.239
411.2	1.228
411.3	1.224
411.4	1.218
411.5	1.207
411.6	1.177
411.7	1.164
411.8	1.16
411.9	1.148
412	1.144
412.1	1.13
412.2	1.122
412.3	1.103
412.4	1.098
412.5	1.089
412.6	1.057
412.7	1.056
412.8	1.035
412.9	1.03
413	1.004
413.1	0.988
413.2	0.991
413.3	0.962
413.4	0.963
413.5	0.952
413.6	0.933
413.7	0.922
413.8	0.899
413.9	0.897
414	0.878
414.1	0.859
414.2	0.859
414.3	0.842
414.4	0.835
414.5	0.806
414.6	0.811
414.7	0.798
414.8	0.792
414.9	0.765
415	0.766
415.1	0.732
415.2	0.738
415.3	0.727
415.4	0.722
415.5	0.691
415.6	0.679
415.7	0.678
415.8	0.672
415.9	0.658
416	0.633
416.1	0.645
416.2	0.628
416.3	0.615
416.4	0.622
416.5	0.611
416.6	0.58
416.7	0.58
416.8	0.584
416.9	0.567
417	0.561
417.1	0.564
417.2	0.559
417.3	0.558
417.4	0.544
417.5	0.563
417.6	0.582
417.7	0.518
417.8	0.566
417.9	0.555
418	0.564
418.1	0.57
418.2	0.58
418.3	0.594
418.4	0.609
418.5	0.601
418.6	0.628
418.7	0.647
418.8	0.671
418.9	0.684
419	0.703
419.1	0.721
419.2	0.747
419.3	0.772
419.4	0.791
419.5	0.814
419.6	0.841
419.7	0.86
419.8	0.889
419.9	0.91
420	0.929
420.1	0.95
420.2	0.976
420.3	1
420.4	1.028
420.5	1.048
420.6	1.065
420.7	1.089
420.8	1.117
420.9	1.142
421	1.163
421.1	1.175
421.2	1.188
421.3	1.199
421.4	1.212
421.5	1.225
421.6	1.231
421.7	1.24
421.8	1.244
421.9	1.252
422	1.258
422.1	1.262
422.2	1.261
422.3	1.265
422.4	1.263
422.5	1.261
422.6	1.261
422.7	1.258
422.8	1.252
422.9	1.252
423	1.246
423.1	1.236
423.2	1.233
423.3	1.224
423.4	1.22
423.5	1.206
423.6	1.193
423.7	1.189
423.8	1.185
423.9	1.167
424	1.154
424.1	1.146
424.2	1.143
424.3	1.122
424.4	1.104
424.5	1.099
424.6	1.081
424.7	1.072
424.8	1.055
424.9	1.054
425	1.031
425.1	1.014
425.2	1
425.3	0.987
425.4	0.979
425.5	0.948
425.6	0.941
425.7	0.934
425.8	0.918
425.9	0.888
426	0.883
426.1	0.886
426.2	0.87
426.3	0.837
426.4	0.838
426.5	0.824
426.6	0.799
426.7	0.788
426.8	0.773
426.9	0.769
427	0.741
427.1	0.74
427.2	0.74
427.3	0.724
427.4	0.692
427.5	0.695
427.6	0.682
427.7	0.66
427.8	0.647
427.9	0.636
428	0.633
428.1	0.619
428.2	0.608
428.3	0.601
428.4	0.595
428.5	0.57
428.6	0.576
428.7	0.569
428.8	0.564
428.9	0.539
429	0.545
429.1	0.541
429.2	0.537
429.3	0.515
429.4	0.515
429.5	0.523
429.6	0.529
429.7	0.507
429.8	0.513
429.9	0.519
430	0.53
430.1	0.513
430.2	0.521
430.3	0.527
430.4	0.553
430.5	0.55
430.6	0.546
430.7	0.578
430.8	0.596
430.9	0.62
431	0.622
431.1	0.641
431.2	0.663
431.3	0.69
431.4	0.717
431.5	0.74
431.6	0.751
431.7	0.773
431.8	0.804
431.9	0.827
432	0.853
432.1	0.879
432.2	0.893
432.3	0.917
432.4	0.945
432.5	0.975
432.6	0.999
432.7	1.023
432.8	1.044
432.9	1.066
433	1.093
433.1	1.118
433.2	1.14
433.3	1.159
433.4	1.18
433.5	1.197
433.6	1.216
433.7	1.228
433.8	1.243
433.9	1.256
434	1.263
434.1	1.271
434.2	1.279
434.3	1.287
434.4	1.291
434.5	1.291
434.6	1.293
434.7	1.294
434.8	1.293
434.9	1.29
435	1.284
435.1	1.277
435.2	1.269
435.3	1.264
435.4	1.254
435.5	1.245
435.6	1.233
435.7	1.228
435.8	1.218
435.9	1.203
436	1.187
436.1	1.177
436.2	1.17
436.3	1.154
436.4	1.135
436.5	1.126
436.6	1.114
436.7	1.099
436.8	1.073
436.9	1.067
437	1.061
437.1	1.035
437.2	1.026
437.3	1.007
437.4	0.992
437.5	0.982
437.6	0.961
437.7	0.946
437.8	0.942
437.9	0.917
438	0.911
438.1	0.886
438.2	0.866
438.3	0.858
438.4	0.842
438.5	0.832
438.6	0.81
438.7	0.799
438.8	0.789
438.9	0.76
439	0.751
439.1	0.745
439.2	0.736
439.3	0.701
439.4	0.689
439.5	0.689
439.6	0.682
439.7	0.653
439.8	0.641
439.9	0.637
440	0.622
440.1	0.606
440.2	0.593
440.3	0.587
440.4	0.569
440.5	0.564
440.6	0.549
440.7	0.536
440.8	0.511
440.9	0.519
441	0.504
441.1	0.488
441.2	0.481
441.3	0.473
441.4	0.473
441.5	0.468
441.6	0.448
441.7	0.458
441.8	0.463
441.9	0.45
442	0.448
442.1	0.466
442.2	0.435
442.3	0.458
442.4	0.444
442.5	0.452
442.6	0.476
442.7	0.499
442.8	0.491
442.9	0.508
443	0.534
443.1	0.565
443.2	0.574
443.3	0.592
443.4	0.623
443.5	0.65
443.6	0.673
443.7	0.702
443.8	0.726
443.9	0.751
444	0.781
444.1	0.81
444.2	0.835
444.3	0.862
444.4	0.886
444.5	0.911
444.6	0.939
444.7	0.962
444.8	0.98
444.9	1.007
445	1.029
445.1	1.054
445.2	1.073
445.3	1.092
445.4	1.114
445.5	1.135
445.6	1.156
445.7	1.174
445.8	1.188
445.9	1.2
446	1.212
446.1	1.217
446.2	1.226
446.3	1.232
446.4	1.238
446.5	1.244
446.6	1.246
446.7	1.243
446.8	1.241
446.9	1.235
447	1.234
447.1	1.23
447.2	1.225
447.3	1.216
447.4	1.205
447.5	1.2
447.6	1.194
447.7	1.187
447.8	1.177
447.9	1.171
448	1.159
448.1	1.148
448.2	1.135
448.3	1.125
448.4	1.115
448.5	1.098
448.6	1.088
448.7	1.078
448.8	1.066
448.9	1.05
449	1.039
449.1	1.026
449.2	1.012
449.3	0.996
449.4	0.97
449.5	0.96
449.6	0.956
449.7	0.948
449.8	0.917
449.9	0.899
450	0.895
450.1	0.883
450.2	0.858
450.3	0.848
450.4	0.836
450.5	0.817
450.6	0.805
450.7	0.781
450.8	0.765
450.9	0.761
451	0.747
451.1	0.724
451.2	0.718
451.3	0.708
451.4	0.684
451.5	0.679
451.6	0.653
451.7	0.644
451.8	0.629
451.9	0.623
452	0.61
452.1	0.59
452.2	0.58
452.3	0.571
452.4	0.562
452.5	0.565
452.6	0.524
452.7	0.502
452.8	0.496
452.9	0.49
453	0.483
453.1	0.47
453.2	0.467
453.3	0.452
453.4	0.436
453.5	0.435
453.6	0.428
453.7	0.443
453.8	0.416
453.9	0.404
454	0.404
454.1	0.402
454.2	0.394
454.3	0.409
454.4	0.402
454.5	0.402
454.6	0.406
454.7	0.407
454.8	0.405
454.9	0.413
455	0.423
455.1	0.437
455.2	0.452
455.3	0.463
455.4	0.481
455.5	0.506
455.6	0.528
455.7	0.553
455.8	0.576
455.9	0.606
456	0.627
456.1	0.656
456.2	0.681
456.3	0.714
456.4	0.74
456.5	0.767
456.6	0.798
456.7	0.827
456.8	0.854
456.9	0.882
457	0.906
457.1	0.933
457.2	0.962
457.3	0.989
457.4	1.011
457.5	1.039
457.6	1.067
457.7	1.087
457.8	1.111
457.9	1.129
458	1.152
458.1	1.167
458.2	1.188
458.3	1.199
458.4	1.213
458.5	1.224
458.6	1.238
458.7	1.247
458.8	1.258
458.9	1.262
459	1.267
459.1	1.272
459.2	1.268
459.3	1.263
459.4	1.267
459.5	1.257
459.6	1.249
459.7	1.241
459.8	1.231
459.9	1.222
460	1.212
460.1	1.206
460.2	1.193
460.3	1.184
460.4	1.177
460.5	1.161
460.6	1.147
460.7	1.139
460.8	1.125
460.9	1.108
461	1.093
461.1	1.079
461.2	1.068
461.3	1.048
461.4	1.031
461.5	1.021
461.6	1
461.7	0.98
461.8	0.97
461.9	0.95
462	0.93
462.1	0.913
462.2	0.899
462.3	0.876
462.4	0.859
462.5	0.851
462.6	0.833
462.7	0.809
462.8	0.793
462.9	0.774
463	0.754
463.1	0.736
463.2	0.723
463.3	0.712
463.4	0.691
463.5	0.679
463.6	0.656
463.7	0.631
463.8	0.632
463.9	0.608
464	0.58
464.1	0.572
464.2	0.567
464.3	0.556
464.4	0.529
464.5	0.507
464.6	0.504
464.7	0.489
464.8	0.476
464.9	0.45
465	0.447
465.1	0.436
465.2	0.419
465.3	0.4
465.4	0.392
465.5	0.387
465.6	0.383
465.7	0.353
465.8	0.348
465.9	0.334
466	0.343
466.1	0.318
466.2	0.316
466.3	0.309
466.4	0.31
466.5	0.304
466.6	0.295
466.7	0.288
466.8	0.297
466.9	0.299
467	0.298
467.1	0.302
467.2	0.294
467.3	0.308
467.4	0.323
467.5	0.339
467.6	0.349
467.7	0.37
467.8	0.397
467.9	0.431
468	0.461
468.1	0.494
468.2	0.529
468.3	0.557
468.4	0.583
468.5	0.616
468.6	0.642
468.7	0.672
468.8	0.703
468.9	0.732
469	0.759
469.1	0.783
469.2	0.808
469.3	0.831
469.4	0.856
469.5	0.882
469.6	0.906
469.7	0.931
469.8	0.954
469.9	0.973
470	0.993
470.1	1.019
470.2	1.044
470.3	1.061
470.4	1.08
470.5	1.095
470.6	1.11
470.7	1.122
470.8	1.134
470.9	1.143
471	1.152
471.1	1.158
471.2	1.163
471.3	1.168
471.4	1.171
471.5	1.173
471.6	1.171
471.7	1.169
471.8	1.162
471.9	1.157
472	1.151
472.1	1.141
472.2	1.133
472.3	1.123
472.4	1.115
472.5	1.102
472.6	1.091
472.7	1.08
472.8	1.069
472.9	1.055
473	1.041
473.1	1.029
473.2	1.02
473.3	1
473.4	0.985
473.5	0.971
473.6	0.961
473.7	0.948
473.8	0.931
473.9	0.917
474	0.895
474.1	0.884
474.2	0.867
474.3	0.845
474.4	0.829
474.5	0.817
474.6	0.803
474.7	0.782
474.8	0.765
474.9	0.751
475	0.735
475.1	0.718
475.2	0.699
475.3	0.68
475.4	0.665
475.5	0.648
475.6	0.62
475.7	0.607
475.8	0.596
475.9	0.58
476	0.567
476.1	0.538
476.2	0.531
476.3	0.517
476.4	0.501
476.5	0.48
476.6	0.468
476.7	0.452
476.8	0.443
476.9	0.425
477	0.407
477.1	0.388
477.2	0.384
477.3	0.37
477.4	0.355
477.5	0.339
477.6	0.326
477.7	0.31
477.8	0.302
477.9	0.285
478	0.283
478.1	0.276
478.2	0.268
478.3	0.251
478.4	0.244
478.5	0.242
478.6	0.243
478.7	0.233
478.8	0.23
478.9	0.231
479	0.287
479.1	0.161
479.2	0.193
479.3	0.191
479.4	0.195
479.5	0.21
479.6	0.249
479.7	0.239
479.8	0.252
479.9	0.271
480	0.305
480.1	0.336
480.2	0.368
480.3	0.394
480.4	0.429
480.5	0.468
480.6	0.506
480.7	0.542
480.8	0.575
480.9	0.601
481	0.64
481.1	0.665
481.2	0.699
481.3	0.73
481.4	0.756
481.5	0.785
481.6	0.813
481.7	0.839
481.8	0.863
481.9	0.887
482	0.909
482.1	0.931
482.2	0.952
482.3	0.971
482.4	0.99
482.5	1.007
482.6	1.027
482.7	1.046
482.8	1.063
482.9	1.076
483	1.09
483.1	1.102
483.2	1.113
483.3	1.122
483.4	1.129
483.5	1.134
483.6	1.138
483.7	1.139
483.8	1.139
483.9	1.136
484	1.134
484.1	1.127
484.2	1.12
484.3	1.111
484.4	1.1
484.5	1.09
484.6	1.081
484.7	1.071
484.8	1.06
484.9	1.051
485	1.037
485.1	1.022
485.2	1.008
485.3	0.991
485.4	0.976
485.5	0.965
485.6	0.952
485.7	0.937
485.8	0.92
485.9	0.905
486	0.894
486.1	0.874
486.2	0.856
486.3	0.832
486.4	0.819
486.5	0.804
486.6	0.792
486.7	0.775
486.8	0.752
486.9	0.729
487	0.717
487.1	0.705
487.2	0.685
487.3	0.66
487.4	0.639
487.5	0.624
487.6	0.608
487.7	0.586
487.8	0.561
487.9	0.548
488	0.529
488.1	0.512
488.2	0.486
488.3	0.469
488.4	0.454
488.5	0.447
488.6	0.423
488.7	0.398
488.8	0.38
488.9	0.378
489	0.364
489.1	0.343
489.2	0.316
489.3	0.314
489.4	0.307
489.5	0.283
489.6	0.26
489.7	0.248
489.8	0.241
489.9	0.235
490	0.21
490.1	0.198
490.2	0.191
490.3	0.183
490.4	0.175
490.5	0.158
490.6	0.152
490.7	0.141
490.8	0.145
490.9	0.136
491	0.132
491.1	0.123
491.2	0.122
491.3	0.123
491.4	0.127
491.5	0.131
491.6	0.134
491.7	0.141
491.8	0.161
491.9	0.179
492	0.196
492.1	0.221
492.2	0.239
492.3	0.264
492.4	0.29
492.5	0.324
492.6	0.36
492.7	0.406
492.8	0.438
492.9	0.478
493	0.502
493.1	0.534
493.2	0.569
493.3	0.637
493.4	0.593
493.5	0.668
493.6	0.667
493.7	0.721
493.8	0.736
493.9	0.764
494	0.785
494.1	0.814
494.2	0.838
494.3	0.868
494.4	0.888
494.5	0.91
494.6	0.927
494.7	0.947
494.8	0.969
494.9	0.992
495	1.019
495.1	1.044
495.2	1.064
495.3	1.082
495.4	1.101
495.5	1.118
495.6	1.135
495.7	1.143
495.8	1.125
495.9	1.144
496	1.15
496.1	1.161
496.2	1.163
496.3	1.159
496.4	1.152
496.5	1.146
496.6	1.142
496.7	1.137
496.8	1.127
496.9	1.113
497	1.101
497.1	1.087
497.2	1.075
497.3	1.061
497.4	1.048
497.5	1.033
497.6	1.015
497.7	0.998
497.8	0.982
497.9	0.967
498	0.952
498.1	0.935
498.2	0.92
498.3	0.901
498.4	0.883
498.5	0.865
498.6	0.845
498.7	0.825
498.8	0.808
498.9	0.788
499	0.77
499.1	0.747
499.2	0.724
499.3	0.707
499.4	0.694
499.5	0.667
499.6	0.646
499.7	0.625
499.8	0.602
499.9	0.58
500	0.564
500.1	0.546
500.2	0.524
500.3	0.508
500.4	0.485
500.5	0.465
500.6	0.436
500.7	0.427
500.8	0.403
500.9	0.391
501	0.378
501.1	0.356
501.2	0.335
501.3	0.318
501.4	0.305
501.5	0.291
501.6	0.276
501.7	0.255
501.8	0.232
501.9	0.225
502	0.219
502.1	0.197
502.2	0.18
502.3	0.152
502.4	0.171
502.5	0.163
502.6	0.103
502.7	0.107
502.8	0.096
502.9	0.093
503	0.079
503.1	0.081
503.2	0.06
503.3	0.05
503.4	0.054
503.5	0.048
503.6	0.048
503.7	0.05
503.8	0.048
503.9	0.047
504	0.056
504.1	0.061
504.2	0.07
504.3	0.086
504.4	0.097
504.5	0.112
504.6	0.132
504.7	0.159
504.8	0.188
504.9	0.218
505	0.246
505.1	0.278
505.2	0.322
505.3	0.359
505.4	0.394
505.5	0.423
505.6	0.457
505.7	0.486
505.8	0.515
505.9	0.544
506	0.58
506.1	0.614
506.2	0.561
506.3	0.632
506.4	0.632
506.5	0.673
506.6	0.685
506.7	0.703
506.8	0.71
506.9	0.727
507	0.744
507.1	0.763
507.2	0.777
507.3	0.793
507.4	0.807
507.5	0.818
507.6	0.829
507.7	0.839
507.8	0.849
507.9	0.858
508	0.866
508.1	0.872
508.2	0.877
508.3	0.88
508.4	0.883
508.5	0.884
508.6	0.885
508.7	0.884
508.8	0.879
508.9	0.874
509	0.868
509.1	0.861
509.2	0.852
509.3	0.845
509.4	0.837
509.5	0.829
509.6	0.82
509.7	0.809
509.8	0.795
509.9	0.781
510	0.77
510.1	0.757
510.2	0.746
510.3	0.731
510.4	0.712
510.5	0.699
510.6	0.683
510.7	0.667
510.8	0.653
510.9	0.636
511	0.619
511.1	0.596
511.2	0.586
511.3	0.556
511.4	0.538
511.5	0.512
511.6	0.5
511.7	0.478
511.8	0.455
511.9	0.431
512	0.415
512.1	0.396
512.2	0.37
512.3	0.348
512.4	0.33
512.5	0.305
512.6	0.284
512.7	0.263
512.8	0.243
512.9	0.225
513	0.209
513.1	0.184
513.2	0.161
513.3	0.145
513.4	0.129
513.5	0.107
513.6	0.086
513.7	0.068
513.8	0.057
513.9	0.043
514	0.03
514.1	0
514.2	-0.017
514.3	-0.026
514.4	-0.04
514.5	-0.054
514.6	-0.072
514.7	-0.082
514.8	-0.096
514.9	-0.107
515	-0.117
515.1	-0.134
515.2	-0.147
515.3	-0.153
515.4	-0.158
515.5	-0.166
515.6	-0.168
515.7	-0.172
515.8	-0.177
515.9	-0.174
516	-0.164
516.1	-0.156
516.2	-0.151
516.3	-0.139
516.4	-0.117
516.5	-0.09
516.6	-0.059
516.7	-0.03
516.8	0
516.9	0.047
517	0.093
517.1	0.136
517.2	0.183
517.3	0.224
517.4	0.27
517.5	0.319
517.6	0.366
517.7	0.411
517.8	0.457
517.9	0.502
518	0.531
518.1	0.502
518.2	0.587
518.3	0.598
518.4	0.65
518.5	0.658
518.6	0.683
518.7	0.694
518.8	0.718
518.9	0.746
519	0.763
519.1	0.784
519.2	0.803
519.3	0.829
519.4	0.846
519.5	0.866
519.6	0.879
519.7	0.901
519.8	0.911
519.9	0.929
520	0.95
520.1	0.968
520.2	0.979
520.3	0.99
520.4	0.999
520.5	1.011
520.6	1.021
520.7	1.028
520.8	1.03
520.9	1.03
521	1.028
521.1	1.022
521.2	1.027
521.3	1.02
521.4	1.015
521.5	1.01
521.6	0.999
521.7	0.989
521.8	0.976
521.9	0.963
522	0.952
522.1	0.938
522.2	0.923
522.3	0.908
522.4	0.89
522.5	0.872
522.6	0.851
522.7	0.833
522.8	0.817
522.9	0.798
523	0.779
523.1	0.757
523.2	0.738
523.3	0.72
523.4	0.703
523.5	0.682
523.6	0.661
523.7	0.639
523.8	0.617
523.9	0.598
524	0.574
524.1	0.556
524.2	0.534
524.3	0.514
524.4	0.492
524.5	0.47
524.6	0.45
524.7	0.436
524.8	0.412
524.9	0.387
525	0.364
525.1	0.349
525.2	0.331
525.3	0.311
525.4	0.288
525.5	0.263
525.6	0.252
525.7	0.239
525.8	0.219
525.9	0.199
526	0.178
526.1	0.155
526.2	0.14
526.3	0.131
526.4	0.106
526.5	0.087
526.6	0.074
526.7	0.055
526.8	0.042
526.9	0.033
527	0.007
527.1	-0.006
527.2	-0.016
527.3	-0.029
527.4	-0.039
527.5	-0.055
527.6	-0.063
527.7	-0.069
527.8	-0.077
527.9	-0.088
528	-0.088
528.1	-0.096
528.2	-0.102
528.3	-0.098
528.4	-0.092
528.5	-0.087
528.6	-0.084
528.7	-0.075
528.8	-0.063
528.9	-0.049
529	-0.027
529.1	-0.002
529.2	0.024
529.3	0.05
529.4	0.076
529.5	0.102
529.6	0.133
529.7	0.166
529.8	0.204
529.9	0.249
530	0.292
530.1	0.327
530.2	0.356
530.3	0.381
530.4	0.405
530.5	0.434
530.6	0.464
530.7	0.495
530.8	0.526
530.9	0.556
531	0.585
531.1	0.612
531.2	0.637
531.3	0.663
531.4	0.686
531.5	0.709
531.6	0.73
531.7	0.748
531.8	0.77
531.9	0.795
532	0.818
532.1	0.842
532.2	0.861
532.3	0.876
532.4	0.889
532.5	0.901
532.6	0.913
532.7	0.924
532.8	0.934
532.9	0.94
533	0.944
533.1	0.947
533.2	0.952
533.3	0.953
533.4	0.954
533.5	0.953
533.6	0.951
533.7	0.948
533.8	0.944
533.9	0.938
534	0.929
534.1	0.919
534.2	0.908
534.3	0.896
534.4	0.884
534.5	0.871
534.6	0.857
534.7	0.843
534.8	0.828
534.9	0.812
535	0.796
535.1	0.777
535.2	0.761
535.3	0.744
535.4	0.725
535.5	0.706
535.6	0.686
535.7	0.665
535.8	0.646
535.9	0.625
536	0.603
536.1	0.581
536.2	0.56
536.3	0.536
536.4	0.514
536.5	0.491
536.6	0.469
536.7	0.448
536.8	0.422
536.9	0.399
537	0.38
537.1	0.357
537.2	0.329
537.3	0.31
537.4	0.289
537.5	0.269
537.6	0.244
537.7	0.22
537.8	0.203
537.9	0.18
538	0.157
538.1	0.136
538.2	0.122
538.3	0.104
538.4	0.084
538.5	0.067
538.6	0.044
538.7	0.028
538.8	0.017
538.9	-0.003
539	-0.016
539.1	-0.038
539.2	-0.056
539.3	-0.067
539.4	-0.081
539.5	-0.093
539.6	-0.101
539.7	-0.118
539.8	-0.126
539.9	-0.134
540	-0.141
540.1	-0.144
540.2	-0.147
540.3	-0.152
540.4	-0.152
540.5	-0.147
540.6	-0.143
540.7	-0.135
540.8	-0.129
540.9	-0.121
541	-0.109
541.1	-0.09
541.2	-0.066
541.3	-0.043
541.4	-0.013
541.5	0.018
541.6	0.056
541.7	0.093
541.8	0.133
541.9	0.178
542	0.225
542.1	0.272
542.2	0.32
542.3	0.378
542.4	0.434
542.5	0.364
542.6	0.474
542.7	0.491
542.8	0.57
542.9	0.572
543	0.616
543.1	0.619
543.2	0.651
543.3	0.679
543.4	0.706
543.5	0.727
543.6	0.75
543.7	0.778
543.8	0.8
543.9	0.822
544	0.841
544.1	0.862
544.2	0.882
544.3	0.906
544.4	0.926
544.5	0.946
544.6	0.962
544.7	0.979
544.8	0.994
544.9	1.012
545	1.026
545.1	1.04
545.2	1.051
545.3	1.062
545.4	1.072
545.5	1.08
545.6	1.086
545.7	1.09
545.8	1.091
545.9	1.09
546	1.089
546.1	1.086
546.2	1.081
546.3	1.077
546.4	1.07
546.5	1.062
546.6	1.05
546.7	1.036
546.8	1.02
546.9	1.003
547	0.985
547.1	0.968
547.2	0.951
547.3	0.933
547.4	0.914
547.5	0.894
547.6	0.873
547.7	0.85
547.8	0.828
547.9	0.806
548	0.783
548.1	0.76
548.2	0.738
548.3	0.718
548.4	0.695
548.5	0.673
548.6	0.654
548.7	0.632
548.8	0.608
548.9	0.587
549	0.565
549.1	0.541
549.2	0.519
549.3	0.498
549.4	0.478
549.5	0.451
549.6	0.429
549.7	0.407
549.8	0.384
549.9	0.363
550	0.34
550.1	0.322
550.2	0.301
550.3	0.279
550.4	0.26
550.5	0.239
550.6	0.218
550.7	0.196
550.8	0.179
550.9	0.16
551	0.142
551.1	0.127
551.2	0.111
551.3	0.09
551.4	0.076
551.5	0.06
551.6	0.041
551.7	0.023
551.8	0.009
551.9	0.001
552	-0.011
552.1	-0.025
552.2	-0.039
552.3	-0.051
552.4	-0.06
552.5	-0.067
552.6	-0.076
552.7	-0.082
552.8	-0.09
552.9	-0.095
553	-0.096
553.1	-0.092
553.2	-0.093
553.3	-0.093
553.4	-0.081
553.5	-0.085
553.6	-0.063
553.7	-0.07
553.8	-0.041
553.9	-0.041
554	-0.006
554.1	0.01
554.2	0.026
554.3	0.052
554.4	0.059
554.5	0.094
554.6	0.115
554.7	0.156
554.8	0.179
554.9	0.223
555	0.263
555.1	0.301
555.2	0.345
555.3	0.402
555.4	0.341
555.5	0.369
555.6	0.4
555.7	0.48
555.8	0.489
555.9	0.539
556	0.515
556.1	0.545
556.2	0.555
556.3	0.594
556.4	0.608
556.5	0.627
556.6	0.646
556.7	0.658
556.8	0.677
556.9	0.692
557	0.712
557.1	0.722
557.2	0.736
557.3	0.746
557.4	0.759
557.5	0.771
557.6	0.783
557.7	0.792
557.8	0.8
557.9	0.809
558	0.818
558.1	0.824
558.2	0.829
558.3	0.832
558.4	0.834
558.5	0.836
558.6	0.836
558.7	0.835
558.8	0.833
558.9	0.828
559	0.823
559.1	0.815
559.2	0.805
559.3	0.794
559.4	0.783
559.5	0.769
559.6	0.754
559.7	0.74
559.8	0.723
559.9	0.705
560	0.685
560.1	0.666
560.2	0.646
560.3	0.625
560.4	0.603
560.5	0.583
560.6	0.563
560.7	0.541
560.8	0.517
560.9	0.492
561	0.468
561.1	0.446
561.2	0.423
561.3	0.397
561.4	0.368
561.5	0.346
561.6	0.324
561.7	0.299
561.8	0.268
561.9	0.242
562	0.218
562.1	0.194
562.2	0.17
562.3	0.151
562.4	0.129
562.5	0.104
562.6	0.08
562.7	0.057
562.8	0.034
562.9	0.011
563	-0.01
563.1	-0.027
563.2	-0.044
563.3	-0.066
563.4	-0.088
563.5	-0.109
563.6	-0.126
563.7	-0.139
563.8	-0.159
563.9	-0.183
564	-0.197
564.1	-0.213
564.2	-0.228
564.3	-0.242
564.4	-0.257
564.5	-0.267
564.6	-0.283
564.7	-0.3
564.8	-0.31
564.9	-0.315
565	-0.319
565.1	-0.325
565.2	-0.33
565.3	-0.33
565.4	-0.329
565.5	-0.324
565.6	-0.317
565.7	-0.309
565.8	-0.294
565.9	-0.271
566	-0.243
566.1	-0.21
566.2	-0.175
566.3	-0.137
566.4	-0.101
566.5	-0.062
566.6	-0.021
566.7	0.024
566.8	0.072
566.9	0.119
567	0.166
567.1	0.211
567.2	0.258
567.3	0.305
567.4	0.354
567.5	0.398
567.6	0.44
567.7	0.479
567.8	0.514
567.9	0.547
568	0.576
568.1	0.605
568.2	0.631
568.3	0.654
568.4	0.677
568.5	0.697
568.6	0.716
568.7	0.737
568.8	0.756
568.9	0.776
569	0.795
569.1	0.812
569.2	0.829
569.3	0.845
569.4	0.861
569.5	0.875
569.6	0.889
569.7	0.903
569.8	0.916
569.9	0.929
570	0.941
570.1	0.951
570.2	0.959
570.3	0.966
570.4	0.971
570.5	0.974
570.6	0.978
570.7	0.979
570.8	0.978
570.9	0.976
571	0.974
571.1	0.971
571.2	0.965
571.3	0.956
571.4	0.946
571.5	0.934
571.6	0.922
571.7	0.909
571.8	0.895
571.9	0.878
572	0.859
572.1	0.84
572.2	0.821
572.3	0.802
572.4	0.781
572.5	0.761
572.6	0.739
572.7	0.717
572.8	0.694
572.9	0.669
573	0.648
573.1	0.625
573.2	0.6
573.3	0.575
573.4	0.555
573.5	0.532
573.6	0.507
573.7	0.484
573.8	0.46
573.9	0.435
574	0.411
574.1	0.388
574.2	0.362
574.3	0.339
574.4	0.314
574.5	0.291
574.6	0.272
574.7	0.247
574.8	0.224
574.9	0.203
575	0.183
575.1	0.161
575.2	0.139
575.3	0.122
575.4	0.101
575.5	0.082
575.6	0.065
575.7	0.045
575.8	0.019
575.9	0.002
576	-0.013
576.1	-0.029
576.2	-0.048
576.3	-0.065
576.4	-0.085
576.5	-0.1
576.6	-0.115
576.7	-0.127
576.8	-0.15
576.9	-0.164
577	-0.174
577.1	-0.184
577.2	-0.2
577.3	-0.217
577.4	-0.224
577.5	-0.232
577.6	-0.24
577.7	-0.248
577.8	-0.247
577.9	-0.253
578	-0.249
578.1	-0.236
578.2	-0.254
578.3	-0.224
578.4	-0.235
578.5	-0.204
578.6	-0.209
578.7	-0.183
578.8	-0.181
578.9	-0.157
579	-0.126
579.1	-0.107
579.2	-0.099
579.3	-0.061
579.4	-0.012
579.5	0.019
579.6	0.055
579.7	0.074
579.8	0.12
579.9	0.136
580	0.185
580.1	0.223
580.2	0.264
580.3	0.292
580.4	0.326
580.5	0.354
580.6	0.392
580.7	0.425
580.8	0.441
580.9	0.466
581	0.493
581.1	0.523
581.2	0.55
581.3	0.565
581.4	0.583
581.5	0.598
581.6	0.618
581.7	0.634
581.8	0.651
581.9	0.662
582	0.674
582.1	0.686
582.2	0.699
582.3	0.712
582.4	0.722
582.5	0.732
582.6	0.739
582.7	0.747
582.8	0.752
582.9	0.759
583	0.764
583.1	0.769
583.2	0.772
583.3	0.775
583.4	0.775
583.5	0.773
583.6	0.769
583.7	0.762
583.8	0.755
583.9	0.746
584	0.737
584.1	0.726
584.2	0.713
584.3	0.698
584.4	0.682
584.5	0.666
584.6	0.648
584.7	0.629
584.8	0.609
584.9	0.589
585	0.569
585.1	0.545
585.2	0.52
585.3	0.496
585.4	0.472
585.5	0.449
585.6	0.425
585.7	0.401
585.8	0.376
585.9	0.35
586	0.327
586.1	0.301
586.2	0.277
586.3	0.267
586.4	0.224
586.5	0.199
586.6	0.172
586.7	0.147
586.8	0.121
586.9	0.103
587	0.074
587.1	0.048
587.2	0.028
587.3	0.006
587.4	-0.017
587.5	-0.041
587.6	-0.063
587.7	-0.086
587.8	-0.103
587.9	-0.125
588	-0.149
588.1	-0.168
588.2	-0.186
588.3	-0.203
588.4	-0.221
588.5	-0.237
588.6	-0.254
588.7	-0.27
588.8	-0.291
588.9	-0.312
589	-0.325
589.1	-0.338
589.2	-0.352
589.3	-0.365
589.4	-0.376
589.5	-0.386
589.6	-0.397
589.7	-0.407
589.8	-0.415
589.9	-0.423
590	-0.423
590.1	-0.425
590.2	-0.425
590.3	-0.422
590.4	-0.413
590.5	-0.403
590.6	-0.386
590.7	-0.365
590.8	-0.343
590.9	-0.319
591	-0.292
591.1	-0.259
591.2	-0.225
591.3	-0.185
591.4	-0.142
591.5	-0.098
591.6	-0.05
591.7	0.008
591.8	0.069
591.9	0.038
592	0.142
592.1	0.175
592.2	0.253
592.3	0.281
592.4	0.327
592.5	0.369
592.6	0.405
592.7	0.453
592.8	0.481
592.9	0.519
593	0.544
593.1	0.576
593.2	0.601
593.3	0.628
593.4	0.648
593.5	0.67
593.6	0.69
593.7	0.711
593.8	0.728
593.9	0.749
594	0.767
594.1	0.784
594.2	0.801
594.3	0.817
594.4	0.832
594.5	0.849
594.6	0.866
594.7	0.881
594.8	0.896
594.9	0.908
595	0.918
595.1	0.93
595.2	0.94
595.3	0.948
595.4	0.957
595.5	0.962
595.6	0.967
595.7	0.971
595.8	0.974
595.9	0.975
596	0.976
596.1	0.976
596.2	0.973
596.3	0.97
596.4	0.963
596.5	0.955
596.6	0.945
596.7	0.933
596.8	0.92
596.9	0.905
597	0.887
597.1	0.868
597.2	0.847
597.3	0.826
597.4	0.805
597.5	0.78
597.6	0.757
597.7	0.723
597.8	0.711
597.9	0.683
598	0.657
598.1	0.63
598.2	0.605
598.3	0.58
598.4	0.553
598.5	0.524
598.6	0.495
598.7	0.473
598.8	0.444
598.9	0.423
599	0.39
599.1	0.367
599.2	0.341
599.3	0.316
599.4	0.291
599.5	0.264
599.6	0.24
599.7	0.212
599.8	0.19
599.9	0.164
600	0.143
600.1	0.119
600.2	0.095
600.3	0.068
600.4	0.045
600.5	0.024
600.6	0.005
600.7	-0.016
600.8	-0.037
600.9	-0.057
601	-0.076
601.1	-0.1
601.2	-0.116
601.3	-0.133
601.4	-0.145
601.5	-0.164
601.6	-0.183
601.7	-0.199
601.8	-0.211
601.9	-0.224
602	-0.236
602.1	-0.253
602.2	-0.265
602.3	-0.273
602.4	-0.283
602.5	-0.29
602.6	-0.297
602.7	-0.304
602.8	-0.307
602.9	-0.309
603	-0.309
603.1	-0.307
603.2	-0.301
603.3	-0.291
603.4	-0.278
603.5	-0.264
603.6	-0.247
603.7	-0.231
603.8	-0.214
603.9	-0.194
604	-0.169
604.1	-0.142
604.2	-0.112
604.3	-0.082
604.4	-0.048
604.5	-0.017
604.6	0.018
604.7	0.05
604.8	0.087
604.9	0.121
605	0.162
605.1	0.198
605.2	0.239
605.3	0.274
605.4	0.311
605.5	0.345
605.6	0.38
605.7	0.409
605.8	0.439
605.9	0.469
606	0.496
606.1	0.519
606.2	0.541
606.3	0.561
606.4	0.578
606.5	0.597
606.6	0.615
606.7	0.631
606.8	0.646
606.9	0.661
607	0.673
607.1	0.687
607.2	0.698
607.3	0.708
607.4	0.717
607.5	0.725
607.6	0.733
607.7	0.74
607.8	0.746
607.9	0.751
608	0.756
608.1	0.761
608.2	0.763
608.3	0.764
608.4	0.764
608.5	0.762
608.6	0.76
608.7	0.757
608.8	0.754
608.9	0.747
609	0.738
609.1	0.727
609.2	0.716
609.3	0.704
609.4	0.69
609.5	0.676
609.6	0.66
609.7	0.642
609.8	0.622
609.9	0.601
610	0.579
610.1	0.557
610.2	0.534
610.3	0.511
610.4	0.486
610.5	0.461
610.6	0.433
610.7	0.406
610.8	0.382
610.9	0.359
611	0.335
611.1	0.31
611.2	0.284
611.3	0.258
611.4	0.234
611.5	0.207
611.6	0.18
611.7	0.155
611.8	0.128
611.9	0.104
612	0.078
612.1	0.052
612.2	0.027
612.3	0.001
612.4	-0.022
612.5	-0.046
612.6	-0.071
612.7	-0.092
612.8	-0.115
612.9	-0.14
613	-0.162
613.1	-0.182
613.2	-0.204
613.3	-0.226
613.4	-0.249
613.5	-0.269
613.6	-0.288
613.7	-0.307
613.8	-0.326
613.9	-0.345
614	-0.365
614.1	-0.381
614.2	-0.394
614.3	-0.406
614.4	-0.419
614.5	-0.432
614.6	-0.444
614.7	-0.453
614.8	-0.463
614.9	-0.472
615	-0.479
615.1	-0.48
615.2	-0.479
615.3	-0.476
615.4	-0.472
615.5	-0.462
615.6	-0.448
615.7	-0.428
615.8	-0.403
615.9	-0.376
616	-0.346
616.1	-0.313
616.2	-0.276
616.3	-0.235
616.4	-0.193
616.5	-0.147
616.6	-0.1
616.7	-0.051
616.8	0
616.9	0.052
617	0.103
617.1	0.152
617.2	0.199
617.3	0.246
617.4	0.293
617.5	0.342
617.6	0.387
617.7	0.427
617.8	0.466
617.9	0.503
618	0.537
618.1	0.571
618.2	0.602
618.3	0.629
618.4	0.652
618.5	0.675
618.6	0.7
618.7	0.721
618.8	0.739
618.9	0.753
619	0.768
619.1	0.786
619.2	0.805
619.3	0.823
619.4	0.839
619.5	0.856
619.6	0.872
619.7	0.888
619.8	0.902
619.9	0.915
620	0.928
620.1	0.939
620.2	0.949
620.3	0.959
620.4	0.968
620.5	0.975
620.6	0.982
620.7	0.986
620.8	0.99
620.9	0.993
621	0.996
621.1	1.002
621.2	0.991
621.3	0.984
621.4	0.976
621.5	0.971
621.6	0.963
621.7	0.956
621.8	0.94
621.9	0.923
622	0.904
622.1	0.887
622.2	0.866
622.3	0.846
622.4	0.826
622.5	0.805
622.6	0.78
622.7	0.757
622.8	0.732
622.9	0.711
623	0.683
623.1	0.66
623.2	0.634
623.3	0.606
623.4	0.579
623.5	0.555
623.6	0.524
623.7	0.5
623.8	0.468
623.9	0.448
624	0.415
624.1	0.391
624.2	0.363
624.3	0.337
624.4	0.314
624.5	0.282
624.6	0.257
624.7	0.231
624.8	0.209
624.9	0.181
625	0.16
625.1	0.133
625.2	0.113
625.3	0.09
625.4	0.065
625.5	0.042
625.6	0.02
625.7	-0.001
625.8	-0.023
625.9	-0.048
626	-0.069
626.1	-0.085
626.2	-0.105
626.3	-0.126
626.4	-0.148
626.5	-0.17
626.6	-0.189
626.7	-0.209
626.8	-0.228
626.9	-0.245
627	-0.263
627.1	-0.28
627.2	-0.295
627.3	-0.311
627.4	-0.328
627.5	-0.341
627.6	-0.355
627.7	-0.364
627.8	-0.375
627.9	-0.381
628	-0.388
628.1	-0.393
628.2	-0.397
628.3	-0.397
628.4	-0.394
628.5	-0.386
628.6	-0.375
628.7	-0.365
628.8	-0.35
628.9	-0.335
629	-0.314
629.1	-0.292
629.2	-0.267
629.3	-0.236
629.4	-0.203
629.5	-0.165
629.6	-0.126
629.7	-0.087
629.8	-0.043
629.9	0.002
630	0.049
630.1	0.097
630.2	0.144
630.3	0.192
630.4	0.238
630.5	0.284
630.6	0.327
630.7	0.368
630.8	0.405
630.9	0.441
631	0.476
631.1	0.507
631.2	0.533
631.3	0.559
631.4	0.584
631.5	0.605
631.6	0.625
631.7	0.642
631.8	0.659
631.9	0.675
632	0.69
632.1	0.705
632.2	0.718
632.3	0.729
632.4	0.741
632.5	0.75
632.6	0.761
632.7	0.77
632.8	0.776
632.9	0.786
633	0.795
633.1	0.799
633.2	0.807
633.3	0.805
633.4	0.811
633.5	0.806
633.6	0.809
633.7	0.804
633.8	0.801
633.9	0.793
634	0.787
634.1	0.773
634.2	0.764
634.3	0.751
634.4	0.74
634.5	0.724
634.6	0.708
634.7	0.688
634.8	0.669
634.9	0.645
635	0.624
635.1	0.6
635.2	0.576
635.3	0.552
635.4	0.524
635.5	0.496
635.6	0.471
635.7	0.443
635.8	0.413
635.9	0.386
636	0.358
636.1	0.329
636.2	0.3
636.3	0.269
636.4	0.239
636.5	0.208
636.6	0.179
636.7	0.152
636.8	0.122
636.9	0.095
637	0.067
637.1	0.039
637.2	0.01
637.3	-0.018
637.4	-0.046
637.5	-0.072
637.6	-0.098
637.7	-0.123
637.8	-0.147
637.9	-0.173
638	-0.197
638.1	-0.221
638.2	-0.247
638.3	-0.272
638.4	-0.293
638.5	-0.314
638.6	-0.332
638.7	-0.35
638.8	-0.368
638.9	-0.385
639	-0.401
639.1	-0.418
639.2	-0.435
639.3	-0.448
639.4	-0.464
639.5	-0.476
639.6	-0.486
639.7	-0.496
639.8	-0.507
639.9	-0.518
640	-0.526
640.1	-0.532
640.2	-0.537
640.3	-0.54
640.4	-0.543
640.5	-0.54
640.6	-0.533
640.7	-0.522
640.8	-0.509
640.9	-0.493
641	-0.472
641.1	-0.444
641.2	-0.411
641.3	-0.377
641.4	-0.337
641.5	-0.296
641.6	-0.253
641.7	-0.209
641.8	-0.161
641.9	-0.113
642	-0.063
642.1	-0.008
642.2	0.043
642.3	0.094
642.4	0.146
642.5	0.195
642.6	0.247
642.7	0.297
642.8	0.345
642.9	0.389
643	0.432
643.1	0.47
643.2	0.507
643.3	0.543
643.4	0.579
643.5	0.608
643.6	0.633
643.7	0.658
643.8	0.682
643.9	0.705
644	0.726
644.1	0.745
644.2	0.764
644.3	0.784
644.4	0.803
644.5	0.818
644.6	0.835
644.7	0.851
644.8	0.869
644.9	0.886
645	0.901
645.1	0.914
645.2	0.926
645.3	0.939
645.4	0.951
645.5	0.962
645.6	0.97
645.7	0.977
645.8	0.983
645.9	0.989
646	0.994
646.1	0.998
646.2	1
646.3	1.001
646.4	0.999
646.5	0.996
646.6	0.991
646.7	0.986
646.8	0.98
646.9	0.971
647	0.96
647.1	0.947
647.2	0.933
647.3	0.916
647.4	0.899
647.5	0.88
647.6	0.858
647.7	0.836
647.8	0.814
647.9	0.79
648	0.762
648.1	0.737
648.2	0.711
648.3	0.685
648.4	0.657
648.5	0.629
648.6	0.6
648.7	0.571
648.8	0.543
648.9	0.514
649	0.484
649.1	0.458
649.2	0.428
649.3	0.398
649.4	0.369
649.5	0.338
649.6	0.306
649.7	0.276
649.8	0.249
649.9	0.219
650	0.191
650.1	0.162
650.2	0.136
650.3	0.11
650.4	0.084
650.5	0.056
650.6	0.027
650.7	0.006
650.8	-0.018
650.9	-0.045
651	-0.074
651.1	-0.097
651.2	-0.12
651.3	-0.145
651.4	-0.171
651.5	-0.194
651.6	-0.215
651.7	-0.238
651.8	-0.262
651.9	-0.285
652	-0.305
652.1	-0.323
652.2	-0.343
652.3	-0.359
652.4	-0.375
652.5	-0.391
652.6	-0.406
652.7	-0.42
652.8	-0.434
652.9	-0.445
653	-0.458
653.1	-0.466
653.2	-0.471
653.3	-0.475
653.4	-0.474
653.5	-0.475
653.6	-0.469
653.7	-0.452
653.8	-0.442
653.9	-0.427
654	-0.403
654.1	-0.386
654.2	-0.349
654.3	-0.323
654.4	-0.277
654.5	-0.245
654.6	-0.185
654.7	-0.148
654.8	-0.103
654.9	-0.049
655	-0.008
655.1	0.051
655.2	0.097
655.3	0.157
655.4	0.205
655.5	0.262
655.6	0.307
655.7	0.352
655.8	0.39
655.9	0.431
656	0.467
656.1	0.495
656.2	0.527
656.3	0.551
656.4	0.583
656.5	0.607
656.6	0.625
656.7	0.639
656.8	0.655
656.9	0.675
657	0.696
657.1	0.712
657.2	0.726
657.3	0.74
657.4	0.753
657.5	0.767
657.6	0.781
657.7	0.793
657.8	0.804
657.9	0.814
658	0.823
658.1	0.832
658.2	0.84
658.3	0.847
658.4	0.854
658.5	0.861
658.6	0.866
658.7	0.869
658.8	0.871
658.9	0.87
659	0.869
659.1	0.865
659.2	0.86
659.3	0.858
659.4	0.864
659.5	0.81
659.6	0.826
659.7	0.797
659.8	0.796
659.9	0.775
660	0.758
660.1	0.734
660.2	0.711
660.3	0.687
660.4	0.66
660.5	0.636
660.6	0.606
660.7	0.579
660.8	0.549
660.9	0.519
661	0.49
661.1	0.459
661.2	0.426
661.3	0.391
661.4	0.36
661.5	0.328
661.6	0.296
661.7	0.262
661.8	0.229
661.9	0.196
662	0.164
662.1	0.133
662.2	0.102
662.3	0.072
662.4	0.042
662.5	0.013
662.6	-0.015
662.7	-0.044
662.8	-0.058
662.9	-0.071
663	-0.159
663.1	-0.158
663.2	-0.192
663.3	-0.206
663.4	-0.231
663.5	-0.249
663.6	-0.283
663.7	-0.304
663.8	-0.324
663.9	-0.345
664	-0.367
664.1	-0.383
664.2	-0.407
664.3	-0.421
664.4	-0.437
664.5	-0.448
664.6	-0.451
664.7	-0.461
664.8	-0.517
664.9	-0.517
665	-0.522
665.1	-0.535
665.2	-0.53
665.3	-0.536
665.4	-0.53
665.5	-0.54
665.6	-0.537
665.7	-0.533
665.8	-0.52
665.9	-0.507
666	-0.479
666.1	-0.459
666.2	-0.422
666.3	-0.376
666.4	-0.331
666.5	-0.292
666.6	-0.25
666.7	-0.204
666.8	-0.156
666.9	-0.102
667	-0.044
667.1	0.009
667.2	0.067
667.3	0.125
667.4	0.183
667.5	0.241
667.6	0.293
667.7	0.341
667.8	0.39
667.9	0.435
668	0.478
668.1	0.515
668.2	0.554
668.3	0.585
668.4	0.613
668.5	0.638
668.6	0.663
668.7	0.687
668.8	0.708
668.9	0.727
669	0.744
669.1	0.765
669.2	0.786
669.3	0.805
669.4	0.822
669.5	0.839
669.6	0.855
669.7	0.872
669.8	0.889
669.9	0.906
670	0.921
670.1	0.936
670.2	0.95
670.3	0.963
670.4	0.975
670.5	0.987
670.6	0.996
670.7	1.005
670.8	1.012
670.9	1.02
671	1.025
671.1	1.031
671.2	1.034
671.3	1.036
671.4	1.036
671.5	1.033
671.6	1.03
671.7	1.024
671.8	1.017
671.9	1.007
672	0.996
672.1	0.983
672.2	0.97
672.3	0.955
672.4	0.938
672.5	0.919
672.6	0.9
672.7	0.878
672.8	0.855
672.9	0.832
673	0.81
673.1	0.785
673.2	0.759
673.3	0.734
673.4	0.709
673.5	0.682
673.6	0.655
673.7	0.627
673.8	0.596
673.9	0.567
674	0.538
674.1	0.508
674.2	0.479
674.3	0.45
674.4	0.419
674.5	0.387
674.6	0.357
674.7	0.327
674.8	0.295
674.9	0.263
675	0.236
675.1	0.206
675.2	0.174
675.3	0.142
675.4	0.116
675.5	0.089
675.6	0.059
675.7	0.033
675.8	0.006
675.9	-0.021
676	-0.047
676.1	-0.076
676.2	-0.105
676.3	-0.128
676.4	-0.151
676.5	-0.174
676.6	-0.198
676.7	-0.226
676.8	-0.251
676.9	-0.273
677	-0.295
677.1	-0.324
677.2	-0.341
677.3	-0.354
677.4	-0.377
677.5	-0.396
677.6	-0.417
677.7	-0.428
677.8	-0.446
677.9	-0.459
678	-0.476
678.1	-0.489
678.2	-0.49
678.3	-0.495
678.4	-0.497
678.5	-0.494
678.6	-0.493
678.7	-0.493
678.8	-0.476
678.9	-0.46
679	-0.435
679.1	-0.412
679.2	-0.375
679.3	-0.335
679.4	-0.295
679.5	-0.254
679.6	-0.2
679.7	-0.148
679.8	-0.093
679.9	-0.038
680	0.018
680.1	0.075
680.2	0.134
680.3	0.191
680.4	0.246
680.5	0.298
680.6	0.347
680.7	0.395
680.8	0.439
680.9	0.479
681	0.514
681.1	0.547
681.2	0.577
681.3	0.602
681.4	0.624
681.5	0.647
681.6	0.67
681.7	0.691
681.8	0.71
681.9	0.727
682	0.744
682.1	0.762
682.2	0.779
682.3	0.797
682.4	0.809
682.5	0.826
682.6	0.838
682.7	0.855
682.8	0.86
682.9	0.881
683	0.895
683.1	0.904
683.2	0.914
683.3	0.916
683.4	0.926
683.5	0.929
683.6	0.937
683.7	0.939
683.8	0.942
683.9	0.938
684	0.939
684.1	0.931
684.2	0.928
684.3	0.92
684.4	0.91
684.5	0.896
684.6	0.881
684.7	0.863
684.8	0.846
684.9	0.822
685	0.801
685.1	0.778
685.2	0.753
685.3	0.727
685.4	0.698
685.5	0.669
685.6	0.644
685.7	0.616
685.8	0.585
685.9	0.554
686	0.518
686.1	0.487
686.2	0.457
686.3	0.425
686.4	0.393
686.5	0.36
686.6	0.328
686.7	0.294
686.8	0.263
686.9	0.229
687	0.195
687.1	0.163
687.2	0.134
687.3	0.101
687.4	0.071
687.5	0.041
687.6	0.012
687.7	-0.02
687.8	-0.05
687.9	-0.078
688	-0.103
688.1	-0.127
688.2	-0.153
688.3	-0.185
688.4	-0.214
688.5	-0.24
688.6	-0.262
688.7	-0.286
688.8	-0.312
688.9	-0.334
689	-0.355
689.1	-0.375
689.2	-0.4
689.3	-0.418
689.4	-0.439
689.5	-0.458
689.6	-0.476
689.7	-0.495
689.8	-0.512
689.9	-0.529
690	-0.545
690.1	-0.558
690.2	-0.571
690.3	-0.581
690.4	-0.589
690.5	-0.598
690.6	-0.6
690.7	-0.598
690.8	-0.599
690.9	-0.6
691	-0.591
691.1	-0.578
691.2	-0.561
691.3	-0.536
691.4	-0.507
691.5	-0.468
691.6	-0.427
691.7	-0.38
691.8	-0.333
691.9	-0.278
692	-0.22
692.1	-0.158
692.2	-0.094
692.3	-0.032
692.4	0.034
692.5	0.099
692.6	0.168
692.7	0.229
692.8	0.284
692.9	0.337
693	0.385
693.1	0.43
693.2	0.472
693.3	0.513
693.4	0.547
693.5	0.578
693.6	0.606
693.7	0.633
693.8	0.656
693.9	0.684
694	0.707
694.1	0.727
694.2	0.746
694.3	0.766
694.4	0.786
694.5	0.805
694.6	0.822
694.7	0.839
694.8	0.856
694.9	0.875
695	0.894
695.1	0.91
695.2	0.925
695.3	0.938
695.4	0.95
695.5	0.962
695.6	0.974
695.7	0.984
695.8	0.994
695.9	1.001
696	1.009
696.1	1.013
696.2	1.017
696.3	1.019
696.4	1.02
696.5	1.021
696.6	1.018
696.7	1.014
696.8	1.007
696.9	0.999
697	0.988
697.1	0.977
697.2	0.964
697.3	0.948
697.4	0.928
697.5	0.906
697.6	0.882
697.7	0.857
697.8	0.831
697.9	0.804
698	0.775
698.1	0.745
698.2	0.716
698.3	0.684
698.4	0.653
698.5	0.623
698.6	0.589
698.7	0.558
698.8	0.525
698.9	0.495
699	0.463
699.1	0.429
699.2	0.398
699.3	0.366
699.4	0.334
699.5	0.304
699.6	0.27
699.7	0.237
699.8	0.206
699.9	0.176
700	0.146
700.1	0.113
700.2	0.082
700.3	0.054
700.4	0.024
700.5	-0.005
700.6	-0.035
700.7	-0.062
700.8	-0.089
700.9	-0.116
701	-0.145
701.1	-0.172
701.2	-0.2
701.3	-0.225
701.4	-0.252
701.5	-0.276
701.6	-0.299
701.7	-0.322
701.8	-0.345
701.9	-0.37
702	-0.392
702.1	-0.411
702.2	-0.429
702.3	-0.45
702.4	-0.472
702.5	-0.487
702.6	-0.504
702.7	-0.516
702.8	-0.532
702.9	-0.545
703	-0.553
703.1	-0.56
703.2	-0.568
703.3	-0.57
703.4	-0.57
703.5	-0.565
703.6	-0.557
703.7	-0.544
703.8	-0.527
703.9	-0.502
704	-0.473
704.1	-0.437
704.2	-0.398
704.3	-0.353
704.4	-0.303
704.5	-0.251
704.6	-0.196
704.7	-0.139
704.8	-0.082
704.9	-0.025
705	0.036
705.1	0.105
705.2	0.189
705.3	0.175
705.4	0.279
705.5	0.31
705.6	0.391
705.7	0.423
705.8	0.474
705.9	0.503
706	0.535
706.1	0.572
706.2	0.599
706.3	0.627
706.4	0.649
706.5	0.673
706.6	0.693
706.7	0.714
706.8	0.735
706.9	0.753
707	0.771
707.1	0.789
707.2	0.807
707.3	0.825
707.4	0.843
707.5	0.86
707.6	0.875
707.7	0.891
707.8	0.905
707.9	0.917
708	0.929
708.1	0.94
708.2	0.949
708.3	0.957
708.4	0.963
708.5	0.969
708.6	0.974
708.7	0.977
708.8	0.978
708.9	0.977
709	0.974
709.1	0.97
709.2	0.962
709.3	0.954
709.4	0.942
709.5	0.929
709.6	0.913
709.7	0.896
709.8	0.875
709.9	0.851
710	0.826
710.1	0.8
710.2	0.772
710.3	0.744
710.4	0.716
710.5	0.686
710.6	0.657
710.7	0.627
710.8	0.595
710.9	0.562
711	0.53
711.1	0.498
711.2	0.463
711.3	0.428
711.4	0.398
711.5	0.367
711.6	0.335
711.7	0.301
711.8	0.27
711.9	0.238
712	0.204
712.1	0.174
712.2	0.143
712.3	0.11
712.4	0.078
712.5	0.047
712.6	0.017
712.7	-0.013
712.8	-0.042
712.9	-0.071
713	-0.098
713.1	-0.125
713.2	-0.154
713.3	-0.181
713.4	-0.211
713.5	-0.235
713.6	-0.258
713.7	-0.284
713.8	-0.31
713.9	-0.335
714	-0.359
714.1	-0.38
714.2	-0.405
714.3	-0.427
714.4	-0.453
714.5	-0.473
714.6	-0.493
714.7	-0.514
714.8	-0.533
714.9	-0.552
715	-0.571
715.1	-0.586
715.2	-0.599
715.3	-0.611
715.4	-0.619
715.5	-0.625
715.6	-0.629
715.7	-0.631
715.8	-0.631
715.9	-0.628
716	-0.621
716.1	-0.61
716.2	-0.591
716.3	-0.562
716.4	-0.522
716.5	-0.474
716.6	-0.422
716.7	-0.369
716.8	-0.315
716.9	-0.256
717	-0.195
717.1	-0.128
717.2	-0.06
717.3	0.009
717.4	0.08
717.5	0.149
717.6	0.214
717.7	0.274
717.8	0.329
717.9	0.382
718	0.43
718.1	0.476
718.2	0.515
718.3	0.552
718.4	0.592
718.5	0.614
718.6	0.645
718.7	0.663
718.8	0.699
718.9	0.709
719	0.743
719.1	0.753
719.2	0.775
719.3	0.795
719.4	0.821
719.5	0.836
719.6	0.857
719.7	0.876
719.8	0.897
719.9	0.913
720	0.931