0	0	0	0
1	0.002	-0.026	0.007
2	0.004	-0.035	0.033
3	0.219	0.203	0.25
4	0.214	0.182	0.244
5	0.129	0.169	0.158
6	-0.471	-0.345	-0.408
7	-0.855	-0.685	-0.787
8	-0.401	-0.383	-0.38
9	-0.626	-0.597	-0.602
10	-0.142	-0.208	-0.125
11	0.103	0.031	0.13
12	0.626	0.483	0.663
13	0.847	0.757	0.871
14	0.915	0.865	0.95
15	0.701	0.672	0.74
16	0.212	0.266	0.267
17	-0.136	-0.023	-0.083
18	-0.557	-0.365	-0.484
19	-0.923	-0.691	-0.847
20	-1.08	-0.895	-1.024
21	-0.643	-0.666	-0.633
22	-0.103	-0.189	-0.061
23	0.249	0.144	0.29
24	0.638	0.515	0.673
25	0.754	0.682	0.779
26	0.84	0.804	0.859
27	0.9	0.879	0.916
28	0.636	0.655	0.664
29	0.157	0.254	0.203
30	-0.244	-0.086	-0.191
31	-0.666	-0.445	-0.599
32	-1.011	-0.756	-0.936
33	-1.087	-0.927	-1.041
34	-0.504	-0.549	-0.483
35	0.022	-0.072	0.069
36	0.46	0.324	0.503
37	0.715	0.615	0.744
38	0.788	0.731	0.811
39	0.789	0.762	0.809
40	0.529	0.525	0.544
41	0.107	0.191	0.148
42	-0.238	-0.11	-0.194
43	-0.583	-0.41	-0.53
44	-0.901	-0.692	-0.839
45	-1.087	-0.91	-1.032
46	-0.77	-0.786	-0.755
47	-0.163	-0.262	-0.124
48	0.326	0.18	0.37
49	0.7	0.561	0.731
50	0.924	0.832	0.948
51	1.01	0.962	1.059
52	0.898	0.895	0.959
53	0.513	0.561	0.568
54	0.044	0.161	0.108
55	-0.338	-0.172	-0.282
56	-0.707	-0.498	-0.641
57	-0.964	-0.753	-0.906
58	-0.83	-0.779	-0.813
59	-0.275	-0.344	-0.249
60	0.23	0.112	0.271
61	0.614	0.477	0.647
62	0.828	0.739	0.856
63	0.965	0.907	0.994
64	0.977	0.951	1.027
65	0.759	0.759	0.796
66	0.314	0.385	0.369
67	-0.095	0.031	-0.049
68	-0.497	-0.316	-0.437
69	-0.835	-0.623	-0.773
70	-0.938	-0.79	-0.894
71	-0.415	-0.464	-0.402
72	0.179	0.064	0.222
73	0.592	0.448	0.628
74	0.848	0.754	0.878
75	0.999	0.935	1.036
76	1.031	1.004	1.092
77	0.859	0.869	0.908
78	0.493	0.547	0.537
79	0.064	0.18	0.116
80	-0.303	-0.151	-0.26
81	-0.656	-0.465	-0.607
82	-0.887	-0.706	-0.841
83	-0.637	-0.626	-0.624
84	-0.02	-0.112	0.009
85	0.454	0.319	0.49
86	0.796	0.68	0.821
87	0.986	0.911	1.013
88	1.095	1.052	1.157
89	1.022	1.022	1.109
90	0.745	0.775	0.795
91	0.303	0.406	0.371
92	-0.098	0.051	-0.037
93	-0.459	-0.271	-0.4
94	-0.74	-0.542	-0.692
95	-0.721	-0.633	-0.703
96	-0.182	-0.247	-0.169
97	0.325	0.223	0.357
98	0.691	0.58	0.713
99	0.929	0.849	0.95
100	1.061	1.02	1.107
101	1.062	1.061	1.14
102	0.867	0.888	0.922
103	0.471	0.547	0.526
104	0.018	0.158	0.073
105	-0.353	-0.176	-0.301
106	-0.676	-0.477	-0.634
107	-0.808	-0.659	-0.78
108	-0.375	-0.407	-0.372
109	0.22	0.117	0.247
110	0.628	0.501	0.652
111	0.881	0.795	0.903
112	1.025	0.974	1.061
113	1.083	1.067	1.15
114	0.958	0.982	1.032
115	0.658	0.694	0.699
116	0.232	0.34	0.272
117	-0.146	-0.004	-0.103
118	-0.507	-0.32	-0.463
119	-0.746	-0.564	-0.712
120	-0.643	-0.6	-0.636
121	-0.055	-0.135	-0.043
122	0.396	0.288	0.424
123	0.705	0.607	0.727
124	0.878	0.813	0.896
125	0.964	0.929	0.994
126	0.912	0.911	0.951
127	0.632	0.655	0.655
128	0.196	0.287	0.225
129	-0.179	-0.044	-0.147
130	-0.538	-0.356	-0.503
131	-0.821	-0.627	-0.784
132	-0.808	-0.723	-0.789
133	-0.299	-0.361	-0.282
134	0.182	0.078	0.212
135	0.559	0.433	0.588
136	0.795	0.711	0.815
137	0.95	0.894	0.97
138	0.981	0.951	1.013
139	0.797	0.789	0.817
140	0.38	0.437	0.401
141	-0.054	0.057	-0.026
142	-0.45	-0.296	-0.413
143	-0.822	-0.63	-0.776
144	-1.087	-0.901	-1.042
145	-1.063	-1.007	-1.042
146	-0.556	-0.632	-0.531
147	-0.186	-0.29	-0.151
148	0.159	0.03	0.191
149	0.38	0.28	0.412
150	0.276	0.26	0.3
151	-0.009	0.043	0.013
152	-0.357	-0.258	-0.323
153	-0.671	-0.547	-0.631
154	-0.886	-0.754	-0.844
155	-1.071	-0.926	-1.024
156	-1.057	-0.967	-1.023
157	-0.692	-0.72	-0.664
158	-0.323	-0.397	-0.29
159	0.069	-0.048	0.102
160	0.498	0.352	0.536
161	0.859	0.734	0.883
162	1.068	0.978	1.113
163	1.215	1.182	1.32
164	1.284	1.313	1.444
165	1.223	1.314	1.396
166	1.064	1.197	1.228
167	0.896	1.063	1.053
168	0.706	0.932	0.867
169	0.57	0.8	0.701
170	0.575	0.735	0.625
171	0.756	0.786	0.748
172	0.923	0.898	0.913
173	1.05	1.046	1.08
174	1.131	1.156	1.206
175	1.154	1.197	1.261
176	1.034	1.085	1.136
177	0.817	0.888	0.887
178	0.526	0.666	0.603
179	0.178	0.376	0.239
180	-0.04	0.153	0
181	-0.147	0.005	-0.129
182	-0.025	0.013	-0.032
183	0.393	0.33	0.39
184	0.798	0.743	0.817
185	1.006	0.987	1.036
186	1.129	1.153	1.209
187	1.157	1.217	1.277
188	1.039	1.115	1.147
189	0.834	0.93	0.916
190	0.545	0.715	0.648
191	0.264	0.482	0.375
192	-0.025	0.232	0.08
193	-0.268	0.039	-0.149
194	-0.289	-0.04	-0.189
195	0.008	0.078	0.064
196	0.44	0.457	0.535
197	0.775	0.82	0.866
198	0.934	1.025	1.048
199	0.974	1.095	1.117
200	0.888	1.046	1.046
201	0.649	0.929	0.89
202	0.328	0.785	0.713
203	0.056	0.614	0.529
204	-0.179	0.407	0.365
205	-0.364	0.232	0.247
206	-0.349	0.128	0.186
207	-0.019	0.164	0.307
208	0.295	0.366	0.536
209	0.529	0.642	0.757
210	0.689	0.842	0.942
211	0.766	0.951	1.032
212	0.746	0.974	1.054
213	0.589	0.929	1.033
214	0.354	0.859	0.989
215	0.15	0.782	0.932
216	-0.034	0.688	0.871
217	-0.245	0.569	0.806
218	-0.381	0.473	0.739
219	-0.296	0.387	0.717
220	-0.009	0.37	0.763
221	0.292	0.466	0.876
222	0.514	0.68	1.026
223	0.594	0.773	1.122
224	0.576	0.807	1.206
225	0.383	0.774	1.232
226	0.158	0.717	1.285
227	-0.037	0.64	1.329
228	-0.174	0.551	1.321
229	-0.321	0.457	1.268
230	-0.468	0.349	1.255
231	-0.378	0.249	1.26
232	-0.147	0.227	1.215
233	0.106	0.301	1.246
234	0.349	0.51	1.301
235	0.497	0.692	1.307
236	0.582	0.812	1.322
237	0.566	0.848	1.348
238	0.395	0.819	1.335
239	0.182	0.759	1.41
240	-0.016	0.686	1.377
241	-0.222	0.584	1.293
242	-0.371	0.491	1.219
243	-0.37	0.429	1.245
244	-0.318	0.367	1.163
245	-0.123	0.327	1.159
246	0.141	0.445	1.212
247	0.3	0.516	1.254
248	0.394	0.639	1.266
249	0.394	0.686	1.372
250	0.299	0.702	1.434
251	0.111	0.678	1.463
252	-0.08	0.621	1.492
253	-0.263	0.561	1.489
254	-0.452	0.479	1.487
255	-0.529	0.415	1.476
256	-0.467	0.368	1.49
257	-0.275	0.352	1.494
258	-0.002	0.407	1.458
259	0.211	0.52	1.474
260	0.368	0.657	1.486
261	0.466	0.756	1.54
262	0.48	0.815	1.569
263	0.36	0.821	1.614
264	0.151	0.79	1.619
265	-0.048	0.736	1.582
266	-0.233	0.672	1.564
267	-0.401	0.591	1.532
268	-0.572	0.505	1.488
269	-0.634	0.434	1.474
270	-0.374	0.404	1.422
271	-0.05	0.438	1.386
272	0.176	0.54	1.385
273	0.321	0.651	1.406
274	0.357	0.71	1.413
275	0.238	0.715	1.419
276	0.041	0.696	1.402
277	-0.095	0.675	1.408
278	-0.243	0.634	1.391
279	-0.334	0.589	1.367
280	-0.457	0.529	1.33
281	-0.513	0.467	1.289
282	-0.342	0.443	1.307
283	-0.044	0.475	1.24
284	0.246	0.608	1.262
285	0.475	0.781	1.348
286	0.616	0.911	1.357
287	0.608	0.948	1.421
288	0.452	0.938	1.451
289	0.207	0.89	1.451
290	0.019	0.837	1.439
291	-0.141	0.774	1.402
292	-0.314	0.699	1.372
293	-0.454	0.616	1.358
294	-0.466	0.539	1.322
295	-0.266	0.499	1.254
296	0.043	0.526	1.258
297	0.291	0.628	1.286
298	0.474	0.763	1.3
299	0.533	0.839	1.32
300	0.459	0.849	1.389
301	0.334	0.845	1.401
302	0.116	0.806	1.415
303	-0.071	0.754	1.391
304	-0.241	0.687	1.351
305	-0.395	0.607	1.314
306	-0.398	0.542	1.282
307	-0.169	0.508	1.283
308	0.153	0.561	1.254
309	0.42	0.704	1.302
310	0.61	0.857	1.318
311	0.717	0.976	1.396
312	0.74	1.023	1.418
313	0.631	1.024	1.425
314	0.377	0.969	1.409
315	0.164	0.904	1.375
316	-0.054	0.819	1.324
317	-0.276	0.723	1.28
318	-0.426	0.62	1.191
319	-0.411	0.531	1.118
320	-0.107	0.502	1.061
321	0.247	0.584	1.058
322	0.52	0.765	1.101
323	0.641	0.882	1.148
324	0.672	0.932	1.164
325	0.587	0.931	1.168
326	0.388	0.893	1.191
327	0.235	0.854	1.152
328	0.047	0.786	1.105
329	-0.204	0.69	1.025
330	-0.433	0.573	0.927
331	-0.463	0.483	0.828
332	-0.131	0.455	0.776
333	0.306	0.61	0.84
334	0.61	0.839	0.971
335	0.783	1.019	1.119
336	0.839	1.079	1.187
337	0.787	1.064	1.186
338	0.628	1.02	1.162
339	0.399	0.954	1.095
340	0.173	0.873	1.032
341	-0.058	0.768	0.939
342	-0.325	0.642	0.808
343	-0.49	0.513	0.684
344	-0.384	0.424	0.584
345	0.024	0.436	0.581
346	0.393	0.632	0.725
347	0.631	0.833	0.895
348	0.755	0.965	1.035
349	0.743	0.976	1.048
350	0.611	0.938	1.016
351	0.402	0.881	0.963
352	0.178	0.8	0.876
353	-0.078	0.692	0.765
354	-0.352	0.552	0.629
355	-0.521	0.425	0.479
356	-0.481	0.336	0.39
357	-0.117	0.296	0.385
358	0.283	0.481	0.561
359	0.611	0.808	0.858
360	0.765	0.972	1.04
361	0.804	1.018	1.069
362	0.742	1.001	1.038
363	0.491	0.92	0.956
364	0.169	0.801	0.823
365	-0.092	0.673	0.684
366	-0.348	0.522	0.516
367	-0.586	0.375	0.36
368	-0.694	0.199	0.189
369	-0.44	0.108	0.14
370	0.031	0.289	0.233
371	0.394	0.597	0.67
372	0.624	0.817	0.877
373	0.713	0.912	0.961
374	0.677	0.908	0.937
375	0.459	0.833	0.841
376	0.179	0.724	0.715
377	-0.09	0.59	0.558
378	-0.373	0.43	0.391
379	-0.628	0.243	0.242
380	-0.758	0.077	0.055
381	-0.508	-0.012	0.017
382	-0.06	0.104	0.193
383	0.332	0.513	0.618
384	0.616	0.803	0.872
385	0.734	0.916	0.969
386	0.763	0.96	0.981
387	0.617	0.899	0.898
388	0.296	0.777	0.739
389	0.001	0.625	0.565
390	-0.289	0.451	0.38
391	-0.553	0.247	0.205
392	-0.762	0.053	0.008
393	-0.68	-0.078	-0.087
394	-0.229	-0.031	0.011
395	0.215	0.377	0.464
396	0.548	0.744	0.823
397	0.715	0.884	0.941
398	0.786	0.949	0.984
399	0.734	0.926	0.937
400	0.465	0.816	0.794
401	0.123	0.658	0.602
402	-0.176	0.469	0.395
403	-0.444	0.261	0.218
404	-0.657	0.055	0.015
405	-0.664	-0.085	-0.096
406	-0.274	-0.087	-0.038
407	0.202	0.322	0.429
408	0.58	0.751	0.839
409	0.8	0.945	1.017
410	0.934	1.075	1.129
411	0.944	1.102	1.125
412	0.773	0.991	0.998
413	0.401	0.825	0.794
414	0.072	0.651	0.57
415	-0.222	0.423	0.338
416	-0.498	0.186	0.118
417	-0.648	-0.007	-0.058
418	-0.351	-0.074	-0.062
419	0.155	0.229	0.335
420	0.543	0.678	0.763
421	0.805	0.927	1.009
422	0.95	1.077	1.14
423	1.007	1.156	1.189
424	0.909	1.078	1.095
425	0.633	0.923	0.905
426	0.274	0.749	0.678
427	-0.03	0.529	0.441
428	-0.31	0.289	0.216
429	-0.51	0.072	0.018
430	-0.392	-0.044	-0.062
431	0.116	0.168	0.238
432	0.531	0.623	0.724
433	0.816	0.918	0.994
434	0.989	1.108	1.181
435	1.066	1.211	1.255
436	1.011	1.166	1.189
437	0.78	1.002	0.998
438	0.404	0.809	0.76
439	0.049	0.59	0.491
440	-0.252	0.304	0.236
441	-0.47	0.087	0.013
442	-0.509	-0.066	-0.12
443	-0.089	-0.008	0.039
444	0.379	0.435	0.537
445	0.725	0.834	0.89
446	0.929	1.024	1.096
447	1.041	1.163	1.222
448	1.061	1.199	1.231
449	0.887	1.056	1.066
450	0.538	0.859	0.826
451	0.162	0.642	0.563
452	-0.164	0.35	0.274
453	-0.431	0.093	0.02
454	-0.577	-0.104	-0.161
455	-0.294	-0.13	-0.116
456	0.22	0.253	0.353
457	0.595	0.662	0.758
458	0.842	0.912	0.993
459	0.979	1.069	1.137
460	1.023	1.136	1.172
461	0.885	1.026	1.036
462	0.547	0.823	0.791
463	0.141	0.587	0.503
464	-0.203	0.289	0.202
465	-0.492	0.012	-0.067
466	-0.666	-0.202	-0.281
467	-0.531	-0.296	-0.322
468	-0.025	0.001	0.083
469	0.394	0.46	0.584
470	0.702	0.773	0.844
471	0.913	0.979	1.048
472	1.018	1.133	1.178
473	0.974	1.099	1.124
474	0.717	0.907	0.896
475	0.286	0.675	0.595
476	-0.074	0.363	0.29
477	-0.406	0.072	-0.003
478	-0.648	-0.17	-0.26
479	-0.627	-0.31	-0.362
480	-0.145	-0.106	-0.04
481	0.282	0.331	0.447
482	0.592	0.64	0.739
483	0.793	0.848	0.915
484	0.909	0.974	1.02
485	0.92	1.003	1.023
486	0.729	0.867	0.851
487	0.322	0.641	0.577
488	-0.05	0.331	0.254
489	-0.418	0.031	-0.052
490	-0.692	-0.226	-0.327
491	-0.787	-0.407	-0.483
492	-0.439	-0.358	-0.336
493	0.041	0.08	0.189
494	0.405	0.461	0.586
495	0.708	0.759	0.831
496	0.887	0.942	1.003
497	0.934	1.013	1.055
498	0.781	0.895	0.897
499	0.391	0.67	0.609
500	0.022	0.372	0.302
501	-0.313	0.09	0.008
502	-0.6	-0.168	-0.268
503	-0.775	-0.382	-0.465
504	-0.572	-0.429	-0.439
505	-0.131	-0.133	-0.042
506	0.254	0.289	0.416
507	0.554	0.582	0.691
508	0.726	0.759	0.826
509	0.828	0.877	0.917
510	0.762	0.834	0.845
511	0.435	0.629	0.597
512	0.033	0.322	0.272
513	-0.345	0.026	-0.051
514	-0.656	-0.24	-0.347
515	-0.854	-0.455	-0.551
516	-0.714	-0.537	-0.563
517	-0.249	-0.239	-0.149
518	0.167	0.201	0.332
519	0.515	0.534	0.668
520	0.752	0.771	0.857
521	0.89	0.931	0.992
522	0.909	0.973	1.004
523	0.743	0.848	0.837
524	0.359	0.615	0.551
525	-0.011	0.304	0.234
526	-0.338	0.028	-0.062
527	-0.6	-0.215	-0.324
528	-0.691	-0.388	-0.456
529	-0.449	-0.393	-0.368
530	0.017	0.011	0.13
531	0.368	0.384	0.516
532	0.617	0.624	0.73
533	0.806	0.837	0.898
534	0.896	0.939	0.984
535	0.816	0.882	0.896
536	0.49	0.659	0.626
537	0.086	0.362	0.311
538	-0.233	0.086	0.013
539	-0.514	-0.163	-0.254
540	-0.658	-0.356	-0.421
541	-0.467	-0.379	-0.372
542	-0.041	-0.057	0.038
543	0.325	0.334	0.463
544	0.612	0.612	0.727
545	0.819	0.843	0.913
546	0.963	1.005	1.063
547	0.982	1.053	1.088
548	0.795	0.893	0.897
549	0.414	0.643	0.6
550	0.042	0.329	0.275
551	-0.272	0.051	-0.021
552	-0.506	-0.177	-0.266
553	-0.572	-0.329	-0.381
554	-0.29	-0.277	-0.233
555	0.068	0.041	0.143
556	0.332	0.325	0.439
557	0.544	0.541	0.634
558	0.692	0.702	0.768
559	0.76	0.794	0.833
560	0.622	0.691	0.702
561	0.262	0.426	0.416
562	-0.072	0.161	0.124
563	-0.403	-0.102	-0.162
564	-0.645	-0.331	-0.405
565	-0.713	-0.475	-0.514
566	-0.497	-0.462	-0.432
567	-0.099	-0.1	-0.008
568	0.23	0.23	0.364
569	0.467	0.459	0.579
570	0.658	0.659	0.735
571	0.802	0.824	0.886
572	0.8	0.84	0.869
573	0.592	0.682	0.677
574	0.203	0.4	0.377
575	-0.141	0.12	0.063
576	-0.452	-0.144	-0.218
577	-0.671	-0.373	-0.437
578	-0.665	-0.478	-0.502
579	-0.356	-0.36	-0.304
580	-0.032	-0.048	0.052
581	0.176	0.162	0.275
582	0.363	0.352	0.454
583	0.525	0.528	0.597
584	0.569	0.594	0.63
585	0.443	0.495	0.509
586	0.141	0.27	0.271
587	-0.186	0.021	-0.011
588	-0.5	-0.233	-0.285
589	-0.721	-0.445	-0.5
590	-0.788	-0.58	-0.606
591	-0.556	-0.526	-0.489
592	-0.189	-0.201	-0.104
593	0.106	0.092	0.223
594	0.343	0.326	0.452
595	0.568	0.553	0.649
596	0.692	0.7	0.764
597	0.698	0.719	0.755
598	0.458	0.531	0.55
599	0.118	0.276	0.264
600	-0.184	0.029	-0.007
601	-0.482	-0.216	-0.271
602	-0.675	-0.416	-0.471
603	-0.74	-0.548	-0.577
604	-0.547	-0.525	-0.491
605	-0.251	-0.284	-0.201
606	-0.001	-0.023	0.084
607	0.221	0.204	0.313
608	0.432	0.414	0.521
609	0.529	0.535	0.599
610	0.409	0.45	0.478
611	0.108	0.212	0.221
612	-0.22	-0.043	-0.064
613	-0.512	-0.28	-0.324
614	-0.732	-0.487	-0.537
615	-0.833	-0.631	-0.666
616	-0.694	-0.64	-0.621
617	-0.365	-0.388	-0.313
618	-0.067	-0.089	0.024
619	0.223	0.192	0.332
620	0.485	0.451	0.583
621	0.664	0.647	0.734
622	0.649	0.658	0.708
623	0.47	0.53	0.542
624	0.146	0.27	0.265
625	-0.193	0.001	-0.037
626	-0.486	-0.244	-0.308
627	-0.71	-0.461	-0.522
628	-0.848	-0.63	-0.67
629	-0.795	-0.699	-0.698
630	-0.478	-0.504	-0.435
631	-0.142	-0.17	-0.053
632	0.13	0.098	0.232
633	0.351	0.317	0.442
634	0.48	0.469	0.552
635	0.433	0.461	0.489
636	0.153	0.235	0.245
637	-0.189	-0.033	-0.054
638	-0.506	-0.292	-0.337
639	-0.767	-0.523	-0.583
640	-0.937	-0.709	-0.755
641	-0.935	-0.806	-0.813
642	-0.61	-0.627	-0.566
643	-0.246	-0.276	-0.154
644	0.102	0.056	0.217
645	0.419	0.357	0.53
646	0.651	0.609	0.73
647	0.731	0.713	0.791
648	0.576	0.594	0.639
649	0.195	0.303	0.318
650	-0.142	0.027	0.004
651	-0.454	-0.231	-0.279
652	-0.722	-0.476	-0.539
653	-0.904	-0.671	-0.725
654	-0.829	-0.738	-0.739
655	-0.495	-0.532	-0.452
656	-0.119	-0.158	-0.027
657	0.205	0.15	0.311
658	0.477	0.417	0.57
659	0.641	0.606	0.702
660	0.634	0.631	0.686
661	0.387	0.435	0.46
662	0.003	0.13	0.122
663	-0.351	-0.155	-0.194
664	-0.656	-0.426	-0.485
665	-0.902	-0.654	-0.719
666	-0.946	-0.783	-0.81
667	-0.613	-0.627	-0.567
668	-0.177	-0.221	-0.08
669	0.201	0.134	0.317
670	0.505	0.429	0.6
671	0.71	0.66	0.774
672	0.79	0.771	0.851
673	0.683	0.69	0.732
674	0.342	0.43	0.437
675	-0.011	0.133	0.117
676	-0.365	-0.158	-0.213
677	-0.689	-0.442	-0.518
678	-0.952	-0.684	-0.769
679	-0.956	-0.81	-0.836
680	-0.542	-0.568	-0.487
681	-0.081	-0.126	0.028
682	0.313	0.232	0.428
683	0.594	0.52	0.678
684	0.749	0.703	0.811
685	0.73	0.713	0.785
686	0.456	0.489	0.534
687	0.059	0.179	0.178
688	-0.288	-0.108	-0.149
689	-0.623	-0.395	-0.46
690	-0.911	-0.657	-0.733
691	-1.014	-0.822	-0.87
692	-0.687	-0.697	-0.645
693	-0.194	-0.243	-0.094
694	0.231	0.146	0.349
695	0.6	0.498	0.688
696	0.806	0.743	0.875
697	0.881	0.846	0.943
698	0.792	0.794	0.845
699	0.456	0.509	0.549
700	0.043	0.18	0.168
701	-0.325	-0.128	-0.178
702	-0.666	-0.427	-0.502
703	-0.916	-0.671	-0.752
704	-0.827	-0.734	-0.748
705	-0.295	-0.337	-0.221
706	0.177	0.11	0.291
707	0.538	0.443	0.634
708	0.761	0.696	0.827
709	0.895	0.853	0.951
710	0.894	0.881	0.952
711	0.684	0.709	0.741
712	0.285	0.382	0.387
713	-0.104	0.05	0.021
714	-0.483	-0.27	-0.335
715	-0.809	-0.558	-0.645
716	-0.96	-0.752	-0.817
717	-0.576	-0.575	-0.521
718	-0.016	-0.07	0.09
719	0.42	0.323	0.528
