0	0.511
0.1	0.467
0.2	0.44
0.3	0.412
0.4	0.375
0.5	0.328
0.6	0.293
0.7	0.268
0.8	0.227
0.9	0.172
1	0.132
1.1	0.089
1.2	0.059
1.3	0.02
1.4	-0.015
1.5	-0.042
1.6	-0.077
1.7	-0.121
1.8	-0.153
1.9	-0.184
2	-0.222
2.1	-0.262
2.2	-0.293
2.3	-0.333
2.4	-0.379
2.5	-0.393
2.6	-0.423
2.7	-0.44
2.8	-0.469
2.9	-0.501
3	-0.529
3.1	-0.558
3.2	-0.587
3.3	-0.623
3.4	-0.652
3.5	-0.675
3.6	-0.704
3.7	-0.723
3.8	-0.735
3.9	-0.754
4	-0.774
4.1	-0.772
4.2	-0.777
4.3	-0.795
4.4	-0.809
4.5	-0.814
4.6	-0.817
4.7	-0.811
4.8	-0.811
4.9	-0.808
5	-0.793
5.1	-0.78
5.2	-0.776
5.3	-0.76
5.4	-0.744
5.5	-0.718
5.6	-0.711
5.7	-0.702
5.8	-0.676
5.9	-0.628
6	-0.6
6.1	-0.572
6.2	-0.553
6.3	-0.52
6.4	-0.49
6.5	-0.457
6.6	-0.425
6.7	-0.395
6.8	-0.351
6.9	-0.328
7	-0.302
7.1	-0.271
7.2	-0.24
7.3	-0.201
7.4	-0.158
7.5	-0.095
7.6	-0.046
7.7	0.008
7.8	0.047
7.9	0.072
8	0.108
8.1	0.157
8.2	0.201
8.3	0.222
8.4	0.263
8.5	0.309
8.6	0.344
8.7	0.376
8.8	0.41
8.9	0.436
9	0.48
9.1	0.496
9.2	0.517
9.3	0.563
9.4	0.592
9.5	0.609
9.6	0.623
9.7	0.645
9.8	0.66
9.9	0.686
10	0.695
10.1	0.715
10.2	0.714
10.3	0.702
10.4	0.694
10.5	0.699
10.6	0.7
10.7	0.685
10.8	0.681
10.9	0.702
11	0.692
11.1	0.662
11.2	0.653
11.3	0.647
11.4	0.62
11.5	0.597
11.6	0.576
11.7	0.541
11.8	0.515
11.9	0.486
12	0.465
12.1	0.432
12.2	0.4
12.3	0.369
12.4	0.351
12.5	0.305
12.6	0.283
12.7	0.256
12.8	0.219
12.9	0.165
13	0.133
13.1	0.093
13.2	0.045
13.3	0.012
13.4	-0.017
13.5	-0.058
13.6	-0.1
13.7	-0.128
13.8	-0.158
13.9	-0.199
14	-0.223
14.1	-0.264
14.2	-0.292
14.3	-0.32
14.4	-0.359
14.5	-0.41
14.6	-0.459
14.7	-0.501
14.8	-0.531
14.9	-0.541
15	-0.575
15.1	-0.617
15.2	-0.636
15.3	-0.674
15.4	-0.698
15.5	-0.714
15.6	-0.742
15.7	-0.757
15.8	-0.782
15.9	-0.788
16	-0.813
16.1	-0.847
16.2	-0.843
16.3	-0.863
16.4	-0.861
16.5	-0.868
16.6	-0.865
16.7	-0.869
16.8	-0.866
16.9	-0.886
17	-0.879
17.1	-0.875
17.2	-0.863
17.3	-0.849
17.4	-0.84
17.5	-0.824
17.6	-0.801
17.7	-0.787
17.8	-0.75
17.9	-0.715
18	-0.69
18.1	-0.672
18.2	-0.638
18.3	-0.618
18.4	-0.576
18.5	-0.544
18.6	-0.509
18.7	-0.458
18.8	-0.406
18.9	-0.352
19	-0.315
19.1	-0.259
19.2	-0.199
19.3	-0.155
19.4	-0.125
19.5	-0.082
19.6	-0.029
19.7	0.015
19.8	0.067
19.9	0.108
20	0.165
20.1	0.208
20.2	0.26
20.3	0.306
20.4	0.359
20.5	0.408
20.6	0.462
20.7	0.5
20.8	0.536
20.9	0.587
21	0.617
21.1	0.646
21.2	0.684
21.3	0.715
21.4	0.748
21.5	0.778
21.6	0.788
21.7	0.827
21.8	0.847
21.9	0.874
22	0.906
22.1	0.925
22.2	0.94
22.3	0.963
22.4	0.974
22.5	0.997
22.6	1.001
22.7	1.005
22.8	1.023
22.9	1.033
23	1.005
23.1	1.011
23.2	1.007
23.3	0.982
23.4	0.976
23.5	0.962
23.6	0.933
23.7	0.94
23.8	0.918
23.9	0.894
24	0.876
24.1	0.841
24.2	0.819
24.3	0.771
24.4	0.753
24.5	0.725
24.6	0.695
24.7	0.664
24.8	0.619
24.9	0.562
25	0.536
25.1	0.505
25.2	0.484
25.3	0.438
25.4	0.404
25.5	0.371
25.6	0.33
25.7	0.282
25.8	0.243
25.9	0.206
26	0.17
26.1	0.138
26.2	0.102
26.3	0.061
26.4	0.018
26.5	-0.009
26.6	-0.039
26.7	-0.09
26.8	-0.137
26.9	-0.15
27	-0.188
27.1	-0.24
27.2	-0.263
27.3	-0.309
27.4	-0.35
27.5	-0.382
27.6	-0.401
27.7	-0.427
27.8	-0.453
27.9	-0.477
28	-0.523
28.1	-0.55
28.2	-0.573
28.3	-0.593
28.4	-0.627
28.5	-0.652
28.6	-0.671
28.7	-0.676
28.8	-0.684
28.9	-0.727
29	-0.717
29.1	-0.712
29.2	-0.729
29.3	-0.73
29.4	-0.752
29.5	-0.772
29.6	-0.776
29.7	-0.766
29.8	-0.784
29.9	-0.759
30	-0.756
30.1	-0.728
30.2	-0.725
30.3	-0.697
30.4	-0.678
30.5	-0.66
30.6	-0.642
30.7	-0.609
30.8	-0.592
30.9	-0.569
31	-0.511
31.1	-0.497
31.2	-0.461
31.3	-0.434
31.4	-0.42
31.5	-0.379
31.6	-0.317
31.7	-0.286
31.8	-0.259
31.9	-0.209
32	-0.164
32.1	-0.137
32.2	-0.076
32.3	-0.048
32.4	0.027
32.5	0.068
32.6	0.115
32.7	0.156
32.8	0.19
32.9	0.246
33	0.293
33.1	0.353
33.2	0.388
33.3	0.438
33.4	0.468
33.5	0.477
33.6	0.534
33.7	0.576
33.8	0.607
33.9	0.631
34	0.66
34.1	0.709
34.2	0.731
34.3	0.756
34.4	0.772
34.5	0.792
34.6	0.816
34.7	0.827
34.8	0.843
34.9	0.844
35	0.859
35.1	0.863
35.2	0.854
35.3	0.871
35.4	0.884
35.5	0.882
35.6	0.869
35.7	0.867
35.8	0.863
35.9	0.839
36	0.849
36.1	0.831
36.2	0.818
36.3	0.802
36.4	0.778
36.5	0.764
36.6	0.751
36.7	0.73
36.8	0.695
36.9	0.663
37	0.625
37.1	0.591
37.2	0.56
37.3	0.529
37.4	0.486
37.5	0.461
37.6	0.421
37.7	0.388
37.8	0.358
37.9	0.312
38	0.3
38.1	0.241
38.2	0.193
38.3	0.172
38.4	0.145
38.5	0.103
38.6	0.048
38.7	0.007
38.8	-0.028
38.9	-0.089
39	-0.128
39.1	-0.173
39.2	-0.201
39.3	-0.229
39.4	-0.284
39.5	-0.327
39.6	-0.36
39.7	-0.392
39.8	-0.415
39.9	-0.453
40	-0.494
40.1	-0.518
40.2	-0.539
40.3	-0.578
40.4	-0.609
40.5	-0.616
40.6	-0.654
40.7	-0.66
40.8	-0.674
40.9	-0.699
41	-0.72
41.1	-0.721
41.2	-0.745
41.3	-0.793
41.4	-0.813
41.5	-0.822
41.6	-0.823
41.7	-0.833
41.8	-0.824
41.9	-0.819
42	-0.842
42.1	-0.804
42.2	-0.807
42.3	-0.772
42.4	-0.756
42.5	-0.733
42.6	-0.715
42.7	-0.687
42.8	-0.637
42.9	-0.623
43	-0.592
43.1	-0.547
43.2	-0.505
43.3	-0.485
43.4	-0.441
43.5	-0.406
43.6	-0.358
43.7	-0.31
43.8	-0.268
43.9	-0.228
44	-0.167
44.1	-0.12
44.2	-0.096
44.3	-0.032
44.4	0.023
44.5	0.091
44.6	0.136
44.7	0.166
44.8	0.219
44.9	0.272
45	0.33
45.1	0.378
45.2	0.418
45.3	0.473
45.4	0.514
45.5	0.573
45.6	0.609
45.7	0.645
45.8	0.682
45.9	0.715
46	0.749
46.1	0.781
46.2	0.826
46.3	0.856
46.4	0.886
46.5	0.923
46.6	0.939
46.7	0.969
46.8	0.977
46.9	1.001
47	1.021
47.1	1.04
47.2	1.051
47.3	1.076
47.4	1.096
47.5	1.087
47.6	1.092
47.7	1.091
47.8	1.103
47.9	1.09
48	1.09
48.1	1.087
48.2	1.062
48.3	1.057
48.4	1.051
48.5	1.015
48.6	1.005
48.7	0.987
48.8	0.97
48.9	0.954
49	0.935
49.1	0.887
49.2	0.847
49.3	0.817
49.4	0.796
49.5	0.757
49.6	0.738
49.7	0.702
49.8	0.661
49.9	0.618
50	0.579
50.1	0.542
50.2	0.518
50.3	0.485
50.4	0.439
50.5	0.4
50.6	0.346
50.7	0.31
50.8	0.273
50.9	0.231
51	0.195
51.1	0.158
51.2	0.123
51.3	0.095
51.4	0.057
51.5	0.019
51.6	-0.024
51.7	-0.064
51.8	-0.106
51.9	-0.146
52	-0.172
52.1	-0.212
52.2	-0.244
52.3	-0.298
52.4	-0.332
52.5	-0.352
52.6	-0.391
52.7	-0.422
52.8	-0.449
52.9	-0.468
53	-0.513
53.1	-0.55
53.2	-0.572
53.3	-0.6
53.4	-0.624
53.5	-0.645
53.6	-0.67
53.7	-0.695
53.8	-0.701
53.9	-0.721
54	-0.743
54.1	-0.761
54.2	-0.759
54.3	-0.774
54.4	-0.775
54.5	-0.765
54.6	-0.764
54.7	-0.757
54.8	-0.75
54.9	-0.735
55	-0.734
55.1	-0.703
55.2	-0.686
55.3	-0.657
55.4	-0.625
55.5	-0.604
55.6	-0.569
55.7	-0.547
55.8	-0.517
55.9	-0.479
56	-0.442
56.1	-0.379
56.2	-0.346
56.3	-0.292
56.4	-0.262
56.5	-0.223
56.6	-0.195
56.7	-0.147
56.8	-0.093
56.9	-0.059
57	-0.011
57.1	0.045
57.2	0.088
57.3	0.115
57.4	0.178
57.5	0.237
57.6	0.274
57.7	0.341
57.8	0.387
57.9	0.425
58	0.471
58.1	0.51
58.2	0.543
58.3	0.571
58.4	0.609
58.5	0.636
58.6	0.683
58.7	0.705
58.8	0.739
58.9	0.766
59	0.793
59.1	0.814
59.2	0.836
59.3	0.883
59.4	0.904
59.5	0.931
59.6	0.942
59.7	0.952
59.8	0.961
59.9	0.959
60	0.956
60.1	0.959
60.2	0.968
60.3	0.985
60.4	0.972
60.5	0.975
60.6	0.967
60.7	0.958
60.8	0.953
60.9	0.939
61	0.921
61.1	0.907
61.2	0.881
61.3	0.861
61.4	0.85
61.5	0.808
61.6	0.783
61.7	0.752
61.8	0.728
61.9	0.711
62	0.677
62.1	0.648
62.2	0.61
62.3	0.566
62.4	0.533
62.5	0.495
62.6	0.444
62.7	0.422
62.8	0.365
62.9	0.309
63	0.256
63.1	0.22
63.2	0.191
63.3	0.149
63.4	0.118
63.5	0.088
63.6	0.048
63.7	0.019
63.8	-0.032
63.9	-0.068
64	-0.113
64.1	-0.166
64.2	-0.206
64.3	-0.246
64.4	-0.288
64.5	-0.331
64.6	-0.344
64.7	-0.389
64.8	-0.43
64.9	-0.458
65	-0.506
65.1	-0.547
65.2	-0.58
65.3	-0.59
65.4	-0.612
65.5	-0.65
65.6	-0.667
65.7	-0.692
65.8	-0.719
65.9	-0.726
66	-0.749
66.1	-0.756
66.2	-0.767
66.3	-0.786
66.4	-0.789
66.5	-0.783
66.6	-0.798
66.7	-0.777
66.8	-0.778
66.9	-0.778
67	-0.775
67.1	-0.766
67.2	-0.738
67.3	-0.72
67.4	-0.709
67.5	-0.686
67.6	-0.656
67.7	-0.634
67.8	-0.599
67.9	-0.576
68	-0.528
68.1	-0.511
68.2	-0.446
68.3	-0.405
68.4	-0.357
68.5	-0.315
68.6	-0.278
68.7	-0.222
68.8	-0.179
68.9	-0.137
69	-0.084
69.1	-0.044
69.2	0.01
69.3	0.049
69.4	0.088
69.5	0.142
69.6	0.177
69.7	0.236
69.8	0.248
69.9	0.314
70	0.366
70.1	0.415
70.2	0.462
70.3	0.507
70.4	0.542
70.5	0.587
70.6	0.612
70.7	0.659
70.8	0.691
70.9	0.721
71	0.752
71.1	0.785
71.2	0.817
71.3	0.834
71.4	0.845
71.5	0.866
71.6	0.896
71.7	0.908
71.8	0.934
71.9	0.937
72	0.961
72.1	0.955
72.2	0.975
72.3	0.99
72.4	0.998
72.5	1.01
72.6	1.008
72.7	1.007
72.8	0.995
72.9	0.983
73	0.962
73.1	0.957
73.2	0.936
73.3	0.95
73.4	0.93
73.5	0.905
73.6	0.88
73.7	0.865
73.8	0.837
73.9	0.806
74	0.807
74.1	0.766
74.2	0.719
74.3	0.701
74.4	0.671
74.5	0.635
74.6	0.615
74.7	0.571
74.8	0.561
74.9	0.509
75	0.475
75.1	0.437
75.2	0.392
75.3	0.343
75.4	0.31
75.5	0.275
75.6	0.25
75.7	0.199
75.8	0.176
75.9	0.124
76	0.091
76.1	0.068
76.2	0.049
76.3	0.029
76.4	-0.017
76.5	-0.035
76.6	-0.074
76.7	-0.102
76.8	-0.128
76.9	-0.16
77	-0.19
77.1	-0.241
77.2	-0.273
77.3	-0.317
77.4	-0.341
77.5	-0.384
77.6	-0.413
77.7	-0.442
77.8	-0.439
77.9	-0.483
78	-0.506
78.1	-0.554
78.2	-0.57
78.3	-0.583
78.4	-0.612
78.5	-0.635
78.6	-0.68
78.7	-0.678
78.8	-0.674
78.9	-0.681
79	-0.677
79.1	-0.685
79.2	-0.692
79.3	-0.698
79.4	-0.686
79.5	-0.69
79.6	-0.692
79.7	-0.665
79.8	-0.663
79.9	-0.649
80	-0.632
80.1	-0.61
80.2	-0.573
80.3	-0.55
80.4	-0.503
80.5	-0.462
80.6	-0.423
80.7	-0.373
80.8	-0.345
80.9	-0.314
81	-0.259
81.1	-0.225
81.2	-0.184
81.3	-0.14
81.4	-0.102
81.5	-0.072
81.6	-0.012
81.7	0.017
81.8	0.068
81.9	0.108
82	0.166
82.1	0.207
82.2	0.252
82.3	0.298
82.4	0.333
82.5	0.373
82.6	0.405
82.7	0.458
82.8	0.5
82.9	0.541
83	0.58
83.1	0.608
83.2	0.647
83.3	0.676
83.4	0.712
83.5	0.755
83.6	0.774
83.7	0.811
83.8	0.835
83.9	0.861
84	0.878
84.1	0.908
84.2	0.938
84.3	0.953
84.4	0.983
84.5	1.001
84.6	1.021
84.7	1.051
84.8	1.057
84.9	1.066
85	1.071
85.1	1.067
85.2	1.074
85.3	1.068
85.4	1.062
85.5	1.037
85.6	1.029
85.7	1.032
85.8	1.01
85.9	1.007
86	1.002
86.1	0.982
86.2	0.935
86.3	0.904
86.4	0.875
86.5	0.838
86.6	0.805
86.7	0.784
86.8	0.767
86.9	0.74
87	0.715
87.1	0.677
87.2	0.636
87.3	0.594
87.4	0.572
87.5	0.55
87.6	0.497
87.7	0.459
87.8	0.438
87.9	0.401
88	0.339
88.1	0.294
88.2	0.266
88.3	0.212
88.4	0.181
88.5	0.137
88.6	0.107
88.7	0.07
88.8	0.037
88.9	0.004
89	-0.046
89.1	-0.091
89.2	-0.118
89.3	-0.151
89.4	-0.179
89.5	-0.222
89.6	-0.248
89.7	-0.293
89.8	-0.334
89.9	-0.367
90	-0.379
90.1	-0.401
90.2	-0.436
90.3	-0.438
90.4	-0.462
90.5	-0.489
90.6	-0.484
90.7	-0.498
90.8	-0.518
90.9	-0.531
91	-0.569
91.1	-0.57
91.2	-0.587
91.3	-0.582
91.4	-0.581
91.5	-0.578
91.6	-0.577
91.7	-0.568
91.8	-0.574
91.9	-0.578
92	-0.578
92.1	-0.563
92.2	-0.547
92.3	-0.526
92.4	-0.509
92.5	-0.493
92.6	-0.46
92.7	-0.437
92.8	-0.39
92.9	-0.379
93	-0.356
93.1	-0.312
93.2	-0.272
93.3	-0.253
93.4	-0.215
93.5	-0.177
93.6	-0.116
93.7	-0.084
93.8	-0.046
93.9	-0.009
94	0.022
94.1	0.082
94.2	0.123
94.3	0.171
94.4	0.231
94.5	0.259
94.6	0.3
94.7	0.333
94.8	0.374
94.9	0.416
95	0.462
95.1	0.498
95.2	0.514
95.3	0.555
95.4	0.611
95.5	0.639
95.6	0.655
95.7	0.681
95.8	0.704
95.9	0.733
96	0.744
96.1	0.775
96.2	0.807
96.3	0.837
96.4	0.858
96.5	0.888
96.6	0.917
96.7	0.926
96.8	0.945
96.9	0.971
97	0.978
97.1	1.004
97.2	1.001
97.3	0.999
97.4	0.996
97.5	0.991
97.6	1.001
97.7	0.986
97.8	1.006
97.9	0.99
98	0.976
98.1	0.97
98.2	0.95
98.3	0.932
98.4	0.912
98.5	0.893
98.6	0.878
98.7	0.846
98.8	0.835
98.9	0.819
99	0.778
99.1	0.748
99.2	0.717
99.3	0.677
99.4	0.66
99.5	0.624
99.6	0.588
99.7	0.558
99.8	0.507
99.9	0.476
100	0.444
100.1	0.4
100.2	0.374
100.3	0.349
100.4	0.305
100.5	0.275
100.6	0.249
100.7	0.214
100.8	0.168
100.9	0.145
101	0.11
101.1	0.077
101.2	0.046
101.3	0.018
101.4	-0.038
101.5	-0.072
101.6	-0.101
101.7	-0.137
101.8	-0.157
101.9	-0.202
102	-0.232
102.1	-0.275
102.2	-0.311
102.3	-0.337
102.4	-0.365
102.5	-0.388
102.6	-0.41
102.7	-0.447
102.8	-0.471
102.9	-0.499
103	-0.509
103.1	-0.513
103.2	-0.531
103.3	-0.524
103.4	-0.556
103.5	-0.569
103.6	-0.583
103.7	-0.585
103.8	-0.607
103.9	-0.602
104	-0.593
104.1	-0.586
104.2	-0.588
104.3	-0.584
104.4	-0.586
104.5	-0.564
104.6	-0.554
104.7	-0.532
104.8	-0.504
104.9	-0.476
105	-0.437
105.1	-0.411
105.2	-0.387
105.3	-0.339
105.4	-0.321
105.5	-0.286
105.6	-0.259
105.7	-0.242
105.8	-0.207
105.9	-0.171
106	-0.118
106.1	-0.101
106.2	-0.065
106.3	-0.032
106.4	0.011
106.5	0.051
106.6	0.073
106.7	0.109
106.8	0.167
106.9	0.204
107	0.246
107.1	0.279
107.2	0.318
107.3	0.361
107.4	0.4
107.5	0.45
107.6	0.469
107.7	0.508
107.8	0.538
107.9	0.568
108	0.608
108.1	0.653
108.2	0.697
108.3	0.731
108.4	0.754
108.5	0.784
108.6	0.801
108.7	0.816
108.8	0.852
108.9	0.897
109	0.926
109.1	0.943
109.2	0.957
109.3	0.99
109.4	0.985
109.5	1.003
109.6	1.031
109.7	1.049
109.8	1.048
109.9	1.055
110	1.052
110.1	1.04
110.2	1.052
110.3	1.038
110.4	1.038
110.5	1.03
110.6	1.006
110.7	1.016
110.8	0.974
110.9	0.983
111	0.944
111.1	0.923
111.2	0.898
111.3	0.888
111.4	0.857
111.5	0.85
111.6	0.812
111.7	0.79
111.8	0.738
111.9	0.716
112	0.686
112.1	0.651
112.2	0.626
112.3	0.563
112.4	0.517
112.5	0.473
112.6	0.442
112.7	0.394
112.8	0.356
112.9	0.32
113	0.269
113.1	0.263
113.2	0.234
113.3	0.192
113.4	0.154
113.5	0.112
113.6	0.051
113.7	0.018
113.8	-0.014
113.9	-0.071
114	-0.101
114.1	-0.134
114.2	-0.161
114.3	-0.19
114.4	-0.226
114.5	-0.242
114.6	-0.282
114.7	-0.296
114.8	-0.336
114.9	-0.336
115	-0.386
115.1	-0.385
115.2	-0.395
115.3	-0.417
115.4	-0.445
115.5	-0.466
115.6	-0.504
115.7	-0.492
115.8	-0.522
115.9	-0.518
116	-0.5
116.1	-0.52
116.2	-0.52
116.3	-0.528
116.4	-0.537
116.5	-0.526
116.6	-0.53
116.7	-0.514
116.8	-0.515
116.9	-0.494
117	-0.495
117.1	-0.473
117.2	-0.459
117.3	-0.446
117.4	-0.432
117.5	-0.412
117.6	-0.386
117.7	-0.342
117.8	-0.315
117.9	-0.273
118	-0.217
118.1	-0.226
118.2	-0.157
118.3	-0.118
118.4	-0.111
118.5	-0.082
118.6	-0.004
118.7	0.073
118.8	0.136
118.9	0.114
119	0.124
119.1	0.138
119.2	0.104
119.3	0.142
119.4	0.21
119.5	0.282
119.6	0.34
119.7	0.348
119.8	0.376
119.9	0.407
120	0.458
120.1	0.472
120.2	0.489
120.3	0.527
120.4	0.549
120.5	0.584
120.6	0.635
120.7	0.669
120.8	0.705
120.9	0.692
121	0.724
121.1	0.734
121.2	0.754
121.3	0.796
121.4	0.824
121.5	0.799
121.6	0.821
121.7	0.857
121.8	0.861
121.9	0.86
122	0.884
122.1	0.888
122.2	0.945
122.3	0.917
122.4	0.91
122.5	0.896
122.6	0.896
122.7	0.897
122.8	0.905
122.9	0.906
123	0.912
123.1	0.915
123.2	0.868
123.3	0.893
123.4	0.878
123.5	0.848
123.6	0.87
123.7	0.84
123.8	0.798
123.9	0.774
124	0.753
124.1	0.719
124.2	0.687
124.3	0.642
124.4	0.634
124.5	0.579
124.6	0.526
124.7	0.526
124.8	0.469
124.9	0.422
125	0.422
125.1	0.366
125.2	0.363
125.3	0.296
125.4	0.296
125.5	0.229
125.6	0.219
125.7	0.182
125.8	0.131
125.9	0.103
126	0.049
126.1	0.091
126.2	0.028
126.3	-0.019
126.4	-0.052
126.5	-0.081
126.6	-0.134
126.7	-0.158
126.8	-0.188
126.9	-0.251
127	-0.238
127.1	-0.25
127.2	-0.281
127.3	-0.32
127.4	-0.33
127.5	-0.307
127.6	-0.362
127.7	-0.421
127.8	-0.415
127.9	-0.439
128	-0.442
128.1	-0.419
128.2	-0.454
128.3	-0.477
128.4	-0.47
128.5	-0.479
128.6	-0.511
128.7	-0.502
128.8	-0.493
128.9	-0.47
129	-0.47
129.1	-0.495
129.2	-0.474
129.3	-0.479
129.4	-0.423
129.5	-0.396
129.6	-0.369
129.7	-0.366
129.8	-0.317
129.9	-0.287
130	-0.259
130.1	-0.289
130.2	-0.284
130.3	-0.264
130.4	-0.182
130.5	-0.193
130.6	-0.175
130.7	-0.115
130.8	-0.072
130.9	-0.054
131	-0.025
131.1	0.032
131.2	0.072
131.3	0.13
131.4	0.188
131.5	0.196
131.6	0.224
131.7	0.225
131.8	0.277
131.9	0.277
132	0.375
132.1	0.379
132.2	0.439
132.3	0.46
132.4	0.502
132.5	0.551
132.6	0.569
132.7	0.625
132.8	0.626
132.9	0.655
133	0.692
133.1	0.697
133.2	0.708
133.3	0.805
133.4	0.837
133.5	0.87
133.6	0.872
133.7	0.889
133.8	0.911
133.9	0.854
134	0.91
134.1	0.961
134.2	0.995
134.3	0.96
134.4	1.036
134.5	1.055
134.6	1.041
134.7	1.068
134.8	1.162
134.9	1.229
135	1.272
135.1	1.141
135.2	1.315
135.3	1.319
135.4	1.224
135.5	1.263
135.6	1.19
135.7	1.244
135.8	1.163
135.9	1.231
136	1.147
136.1	1.151
136.2	1.09
136.3	1.112
136.4	1.072
136.5	1.03
136.6	1.091
136.7	0.977
136.8	1.004
136.9	0.959
137	0.929
137.1	0.91
137.2	0.868
137.3	0.827
137.4	0.745
137.5	0.719
137.6	0.735
137.7	0.682
137.8	0.635
137.9	0.599
138	0.572
138.1	0.621
138.2	0.507
138.3	0.516
138.4	0.417
138.5	0.46
138.6	0.407
138.7	0.365
138.8	0.305
138.9	0.294
139	0.294
139.1	0.269
139.2	0.207
139.3	0.098
139.4	0.104
139.5	0.076
139.6	0.024
139.7	-0.04
139.8	-0.035
139.9	-0.073
140	-0.084
140.1	-0.121
140.2	-0.04
140.3	-0.142
140.4	-0.137
140.5	-0.116
140.6	-0.084
140.7	-0.105
140.8	-0.141
140.9	-0.19
141	-0.118
141.1	-0.144
141.2	-0.13
141.3	-0.127
141.4	-0.143
141.5	-0.204
141.6	-0.099
141.7	-0.075
141.8	-0.112
141.9	-0.111
142	-0.054
142.1	-0.061
142.2	-0.04
142.3	0.032
142.4	0.081
142.5	0.042
142.6	0.033
142.7	-0.011
142.8	0.021
142.9	0.069
143	0.047
143.1	0.084
143.2	0.027
143.3	0.049
143.4	0.09
143.5	0.068
143.6	0.087
143.7	0.119
143.8	0.158
143.9	0.245
144	0.244
144.1	0.244
144.2	0.236
144.3	0.245
144.4	0.244
144.5	0.305
144.6	0.3
144.7	0.406
144.8	0.412
144.9	0.402
145	0.494
145.1	0.499
145.2	0.523
145.3	0.449
145.4	0.49
145.5	0.483
145.6	0.56
145.7	0.566
145.8	0.699
145.9	0.728
146	0.762
146.1	0.796
146.2	0.909
146.3	0.875
146.4	0.903
146.5	0.914
146.6	0.985
146.7	0.961
146.8	1.02
146.9	1.002
147	1.008
147.1	1.001
147.2	0.986
147.3	0.904
147.4	0.991
147.5	0.96
147.6	0.96
147.7	0.966
147.8	0.962
147.9	0.952
148	0.935
148.1	0.944
148.2	0.899
148.3	0.898
148.4	0.966
148.5	0.981
148.6	0.988
148.7	0.921
148.8	0.943
148.9	0.83
149	0.815
149.1	0.835
149.2	0.808
149.3	0.767
149.4	0.777
149.5	0.753
149.6	0.653
149.7	0.638
149.8	0.621
149.9	0.556
150	0.455
150.1	0.448
150.2	0.407
150.3	0.292
150.4	0.248
150.5	0.238
150.6	0.214
150.7	0.213
150.8	0.176
150.9	0.175
151	0.153
151.1	0.145
151.2	0.095
151.3	0.171
151.4	0.14
151.5	0.148
151.6	0.072
151.7	0.089
151.8	0.105
151.9	0.077
152	0.111
152.1	0.086
152.2	0.143
152.3	0.133
152.4	0.103
152.5	0.142
152.6	0.099
152.7	0.137
152.8	0.073
152.9	0.164
153	0.102
153.1	0.174
153.2	0.126
153.3	0.109
153.4	0.065
153.5	0.091
153.6	0.084
153.7	0.098
153.8	0.109
153.9	0.122
154	0.169
154.1	0.168
154.2	0.207
154.3	0.304
154.4	0.348
154.5	0.399
154.6	0.378
154.7	0.405
154.8	0.486
154.9	0.548
155	0.576
155.1	0.559
155.2	0.627
155.3	0.702
155.4	0.745
155.5	0.726
155.6	0.77
155.7	0.789
155.8	0.822
155.9	0.841
156	0.874
156.1	0.936
156.2	0.975
156.3	0.914
156.4	0.956
156.5	0.958
156.6	1.019
156.7	1.044
156.8	1.043
156.9	1.037
157	1.067
157.1	1.083
157.2	1.107
157.3	1.184
157.4	1.216
157.5	1.266
157.6	1.266
157.7	1.327
157.8	1.386
157.9	1.372
158	1.509
158.1	1.535
158.2	1.671
158.3	1.733
158.4	1.717
158.5	1.678
158.6	1.703
158.7	1.727
158.8	1.771
158.9	1.778
159	1.728
159.1	1.714
159.2	1.766
159.3	1.727
159.4	1.722
159.5	1.712
159.6	1.714
159.7	1.679
159.8	1.644
159.9	1.674
160	1.652
160.1	1.622
160.2	1.569
160.3	1.588
160.4	1.563
160.5	1.547
160.6	1.502
160.7	1.481
160.8	1.433
160.9	1.453
161	1.379
161.1	1.346
161.2	1.337
161.3	1.322
161.4	1.323
161.5	1.313
161.6	1.237
161.7	1.256
161.8	1.244
161.9	1.254
162	1.19
162.1	1.078
162.2	1.029
162.3	1.07
162.4	0.978
162.5	0.963
162.6	0.877
162.7	0.844
162.8	0.838
162.9	0.752
163	0.763
163.1	0.71
163.2	0.7
163.3	0.611
163.4	0.607
163.5	0.586
163.6	0.586
163.7	0.503
163.8	0.528
163.9	0.501
164	0.524
164.1	0.473
164.2	0.407
164.3	0.37
164.4	0.371
164.5	0.341
164.6	0.263
164.7	0.279
164.8	0.287
164.9	0.218
165	0.213
165.1	0.247
165.2	0.178
165.3	0.103
165.4	0.142
165.5	0.118
165.6	0.075
165.7	0.03
165.8	0.029
165.9	0.022
166	-0.008
166.1	-0.073
166.2	-0.07
166.3	-0.032
166.4	-0.058
166.5	-0.064
166.6	-0.027
166.7	-0.002
166.8	0.002
166.9	0.049
167	-0.025
167.1	-0.018
167.2	0.006
167.3	0.045
167.4	0.085
167.5	0.095
167.6	0.087
167.7	0.143
167.8	0.164
167.9	0.114
168	0.145
168.1	0.21
168.2	0.226
168.3	0.171
168.4	0.194
168.5	0.198
168.6	0.26
168.7	0.269
168.8	0.278
168.9	0.302
169	0.257
169.1	0.329
169.2	0.365
169.3	0.404
169.4	0.471
169.5	0.516
169.6	0.534
169.7	0.522
169.8	0.543
169.9	0.61
170	0.648
170.1	0.634
170.2	0.622
170.3	0.659
170.4	0.706
170.5	0.69
170.6	0.712
170.7	0.68
170.8	0.699
170.9	0.73
171	0.798
171.1	0.87
171.2	0.878
171.3	0.873
171.4	0.854
171.5	0.876
171.6	0.896
171.7	0.9
171.8	0.898
171.9	0.906
172	0.883
172.1	0.831
172.2	0.84
172.3	0.878
172.4	0.907
172.5	0.844
172.6	0.804
172.7	0.841
172.8	0.872
172.9	0.832
173	0.814
173.1	0.792
173.2	0.778
173.3	0.751
173.4	0.755
173.5	0.773
173.6	0.727
173.7	0.619
173.8	0.634
173.9	0.633
174	0.616
174.1	0.608
174.2	0.572
174.3	0.631
174.4	0.614
174.5	0.619
174.6	0.626
174.7	0.587
174.8	0.553
174.9	0.5
175	0.391
175.1	0.433
175.2	0.447
175.3	0.492
175.4	0.469
175.5	0.408
175.6	0.385
175.7	0.356
175.8	0.299
175.9	0.32
176	0.25
176.1	0.226
176.2	0.206
176.3	0.2
176.4	0.096
176.5	0.124
176.6	0.069
176.7	-0.005
176.8	0.036
176.9	0.001
177	0
177.1	0.038
177.2	0.039
177.3	-0.012
177.4	0.009
177.5	0.004
177.6	0.051
177.7	0.008
177.8	-0.043
177.9	-0.158
178	-0.106
178.1	-0.048
178.2	-0.097
178.3	-0.122
178.4	-0.144
178.5	-0.136
178.6	-0.219
178.7	-0.229
178.8	-0.19
178.9	-0.167
179	-0.195
179.1	-0.186
179.2	-0.257
179.3	-0.147
179.4	-0.084
179.5	-0.116
179.6	-0.082
179.7	0.002
179.8	0.051
179.9	0.042
180	0.02
180.1	0.021
180.2	0.056
180.3	0.06
180.4	0.108
180.5	0.156
180.6	0.121
180.7	0.223
180.8	0.179
180.9	0.19
181	0.175
181.1	0.213
181.2	0.247
181.3	0.354
181.4	0.509
181.5	0.487
181.6	0.55
181.7	0.524
181.8	0.547
181.9	0.665
182	0.721
182.1	0.7
182.2	0.764
182.3	0.76
182.4	0.756
182.5	0.699
182.6	0.764
182.7	0.794
182.8	0.729
182.9	0.847
183	0.861
183.1	0.895
183.2	0.977
183.3	0.941
183.4	0.95
183.5	1.041
183.6	0.952
183.7	0.933
183.8	0.967
183.9	0.923
184	0.926
184.1	1.047
184.2	1.162
184.3	1.081
184.4	1.016
184.5	1.048
184.6	1.031
184.7	1.101
184.8	1.056
184.9	0.989
185	0.996
185.1	0.913
185.2	0.957
185.3	0.926
185.4	1.014
185.5	0.972
185.6	0.945
185.7	0.952
185.8	0.889
185.9	0.844
186	0.883
186.1	0.822
186.2	0.78
186.3	0.845
186.4	0.784
186.5	0.666
186.6	0.676
186.7	0.623
186.8	0.58
186.9	0.601
187	0.565
187.1	0.587
187.2	0.57
187.3	0.526
187.4	0.489
187.5	0.509
187.6	0.487
187.7	0.444
187.8	0.423
187.9	0.433
188	0.359
188.1	0.344
188.2	0.383
188.3	0.3
188.4	0.277
188.5	0.289
188.6	0.233
188.7	0.204
188.8	0.282
188.9	0.192
189	0.115
189.1	0.078
189.2	0.097
189.3	0.114
189.4	0.013
189.5	0.137
189.6	0.029
189.7	0.088
189.8	0.043
189.9	-0.059
190	0.048
190.1	0.029
190.2	0.082
190.3	0.046
190.4	0.039
190.5	-0.012
190.6	0.018
190.7	-0.027
190.8	-0.022
190.9	0.003
191	-0.038
191.1	-0.012
191.2	-0.109
191.3	-0.055
191.4	0.061
191.5	-0.015
191.6	-0.099
191.7	0.042
191.8	0.034
191.9	-0.011
192	-0.089
192.1	0.039
192.2	0.036
192.3	0.017
192.4	0.006
192.5	-0.031
192.6	0.092
192.7	0.113
192.8	0.181
192.9	0.086
193	0.11
193.1	0.213
193.2	0.209
193.3	0.171
193.4	0.244
193.5	0.133
193.6	0.196
193.7	0.353
193.8	0.261
193.9	0.316
194	0.198
194.1	0.331
194.2	0.365
194.3	0.419
194.4	0.438
194.5	0.436
194.6	0.406
194.7	0.412
194.8	0.337
194.9	0.421
195	0.516
195.1	0.605
195.2	0.541
195.3	0.62
195.4	0.533
195.5	0.667
195.6	0.745
195.7	0.655
195.8	0.731
195.9	0.674
196	0.682
196.1	0.78
196.2	0.735
196.3	0.728
196.4	0.711
196.5	0.702
196.6	0.898
196.7	0.813
196.8	0.834
196.9	0.845
197	0.758
197.1	0.773
197.2	0.806
197.3	0.893
197.4	0.816
197.5	0.917
197.6	0.878
197.7	0.799
197.8	0.751
197.9	0.586
198	0.614
198.1	0.615
198.2	0.643
198.3	0.619
198.4	0.683
198.5	0.6
198.6	0.553
198.7	0.555
198.8	0.553
198.9	0.521
199	0.529
199.1	0.559
199.2	0.459
199.3	0.323
199.4	0.304
199.5	0.238
199.6	0.274
199.7	0.246
199.8	0.242
199.9	0.249
200	0.203
200.1	0.26
200.2	0.248
200.3	0.154
200.4	0.132
200.5	0.108
200.6	0.117
200.7	0.102
200.8	0.123
200.9	0.059
201	0
201.1	-0.026
201.2	-0.065
201.3	0.015
201.4	0.03
201.5	0.004
201.6	-0.051
201.7	-0.071
201.8	-0.114
201.9	-0.181
202	-0.182
202.1	-0.189
202.2	-0.199
202.3	-0.174
202.4	-0.226
202.5	-0.257
202.6	-0.285
202.7	-0.245
202.8	-0.325
202.9	-0.306
203	-0.258
203.1	-0.208
203.2	-0.176
203.3	-0.156
203.4	-0.175
203.5	-0.163
203.6	-0.154
203.7	-0.137
203.8	-0.11
203.9	-0.124
204	-0.116
204.1	-0.046
204.2	-0.113
204.3	-0.132
204.4	-0.144
204.5	-0.133
204.6	-0.138
204.7	-0.141
204.8	-0.144
204.9	-0.069
205	-0.016
205.1	0.042
205.2	0.012
205.3	0.045
205.4	0.083
205.5	0.113
205.6	0.137
205.7	0.098
205.8	0.11
205.9	0.188
206	0.22
206.1	0.18
206.2	0.215
206.3	0.219
206.4	0.258
206.5	0.322
206.6	0.295
206.7	0.341
206.8	0.33
206.9	0.354
207	0.387
207.1	0.459
207.2	0.462
207.3	0.509
207.4	0.523
207.5	0.572
207.6	0.574
207.7	0.583
207.8	0.607
207.9	0.609
208	0.629
208.1	0.675
208.2	0.71
208.3	0.682
208.4	0.687
208.5	0.71
208.6	0.726
208.7	0.786
208.8	0.784
208.9	0.807
209	0.804
209.1	0.835
209.2	0.868
209.3	0.839
209.4	0.833
209.5	0.824
209.6	0.783
209.7	0.812
209.8	0.782
209.9	0.82
210	0.799
210.1	0.799
210.2	0.875
210.3	0.857
210.4	0.746
210.5	0.669
210.6	0.701
210.7	0.702
210.8	0.704
210.9	0.724
211	0.723
211.1	0.736
211.2	0.643
211.3	0.557
211.4	0.537
211.5	0.553
211.6	0.531
211.7	0.574
211.8	0.582
211.9	0.56
212	0.46
212.1	0.418
212.2	0.394
212.3	0.386
212.4	0.316
212.5	0.297
212.6	0.29
212.7	0.298
212.8	0.282
212.9	0.282
213	0.29
213.1	0.237
213.2	0.222
213.3	0.173
213.4	0.14
213.5	0.087
213.6	0.063
213.7	0.037
213.8	-0.012
213.9	-0.008
214	-0.033
214.1	-0.02
214.2	-0.031
214.3	-0.054
214.4	-0.026
214.5	-0.017
214.6	-0.007
214.7	0.02
214.8	-0.051
214.9	-0.097
215	-0.115
215.1	-0.154
215.2	-0.172
215.3	-0.181
215.4	-0.155
215.5	-0.185
215.6	-0.195
215.7	-0.198
215.8	-0.175
215.9	-0.171
216	-0.178
216.1	-0.139
216.2	-0.113
216.3	-0.025
216.4	-0.117
216.5	-0.133
216.6	-0.139
216.7	-0.127
216.8	-0.176
216.9	-0.111
217	-0.133
217.1	-0.063
217.2	-0.06
217.3	-0.066
217.4	-0.014
217.5	-0.03
217.6	-0.031
217.7	-0.059
217.8	-0.029
217.9	-0.042
218	-0.042
218.1	-0.012
218.2	0.009
218.3	0.014
218.4	0.058
218.5	0.091
218.6	0.106
218.7	0.119
218.8	0.117
218.9	0.167
219	0.19
219.1	0.226
219.2	0.226
219.3	0.292
219.4	0.298
219.5	0.316
219.6	0.334
219.7	0.328
219.8	0.352
219.9	0.372
220	0.382
220.1	0.397
220.2	0.415
220.3	0.428
220.4	0.468
220.5	0.493
220.6	0.504
220.7	0.516
220.8	0.525
220.9	0.522
221	0.533
221.1	0.545
221.2	0.533
221.3	0.549
221.4	0.533
221.5	0.526
221.6	0.503
221.7	0.52
221.8	0.534
221.9	0.552
222	0.55
222.1	0.531
222.2	0.527
222.3	0.514
222.4	0.517
222.5	0.504
222.6	0.49
222.7	0.457
222.8	0.411
222.9	0.397
223	0.386
223.1	0.366
223.2	0.33
223.3	0.32
223.4	0.302
223.5	0.294
223.6	0.303
223.7	0.252
223.8	0.231
223.9	0.21
224	0.192
224.1	0.196
224.2	0.177
224.3	0.154
224.4	0.109
224.5	0.106
224.6	0.062
224.7	0.065
224.8	0.055
224.9	0.041
225	0.004
225.1	-0.005
225.2	-0.014
225.3	-0.052
225.4	-0.077
225.5	-0.115
225.6	-0.141
225.7	-0.166
225.8	-0.172
225.9	-0.169
226	-0.178
226.1	-0.194
226.2	-0.22
226.3	-0.208
226.4	-0.21
226.5	-0.244
226.6	-0.275
226.7	-0.258
226.8	-0.273
226.9	-0.295
227	-0.283
227.1	-0.286
227.2	-0.304
227.3	-0.31
227.4	-0.301
227.5	-0.35
227.6	-0.326
227.7	-0.337
227.8	-0.355
227.9	-0.366
228	-0.358
228.1	-0.372
228.2	-0.37
228.3	-0.38
228.4	-0.362
228.5	-0.368
228.6	-0.407
228.7	-0.4
228.8	-0.41
228.9	-0.433
229	-0.427
229.1	-0.415
229.2	-0.428
229.3	-0.382
229.4	-0.358
229.5	-0.363
229.6	-0.353
229.7	-0.334
229.8	-0.307
229.9	-0.27
230	-0.25
230.1	-0.225
230.2	-0.213
230.3	-0.193
230.4	-0.158
230.5	-0.144
230.6	-0.118
230.7	-0.127
230.8	-0.085
230.9	-0.08
231	-0.058
231.1	-0.008
231.2	0.006
231.3	0.031
231.4	0.042
231.5	0.077
231.6	0.111
231.7	0.144
231.8	0.147
231.9	0.179
232	0.215
232.1	0.233
232.2	0.274
232.3	0.318
232.4	0.342
232.5	0.372
232.6	0.424
232.7	0.451
232.8	0.496
232.9	0.513
233	0.528
233.1	0.521
233.2	0.541
233.3	0.573
233.4	0.566
233.5	0.554
233.6	0.554
233.7	0.56
233.8	0.58
233.9	0.589
234	0.567
234.1	0.587
234.2	0.587
234.3	0.59
234.4	0.575
234.5	0.574
234.6	0.574
234.7	0.555
234.8	0.518
234.9	0.516
235	0.505
235.1	0.501
235.2	0.485
235.3	0.471
235.4	0.456
235.5	0.448
235.6	0.434
235.7	0.439
235.8	0.412
235.9	0.381
236	0.375
236.1	0.34
236.2	0.325
236.3	0.302
236.4	0.296
236.5	0.278
236.6	0.259
236.7	0.233
236.8	0.215
236.9	0.174
237	0.15
237.1	0.121
237.2	0.138
237.3	0.122
237.4	0.106
237.5	0.084
237.6	0.078
237.7	0.067
237.8	0.06
237.9	0.043
238	0.01
238.1	-0.006
238.2	-0.013
238.3	-0.02
238.4	-0.05
238.5	-0.066
238.6	-0.075
238.7	-0.099
238.8	-0.1
238.9	-0.106
239	-0.115
239.1	-0.136
239.2	-0.142
239.3	-0.168
239.4	-0.178
239.5	-0.201
239.6	-0.223
239.7	-0.244
239.8	-0.259
239.9	-0.286
240	-0.307
240.1	-0.315
240.2	-0.325
240.3	-0.34
240.4	-0.331
240.5	-0.358
240.6	-0.362
240.7	-0.394
240.8	-0.391
240.9	-0.418
241	-0.427
241.1	-0.425
241.2	-0.43
241.3	-0.428
241.4	-0.432
241.5	-0.437
241.6	-0.433
241.7	-0.432
241.8	-0.424
241.9	-0.409
242	-0.402
242.1	-0.386
242.2	-0.37
242.3	-0.346
242.4	-0.335
242.5	-0.333
242.6	-0.324
242.7	-0.303
242.8	-0.293
242.9	-0.281
243	-0.242
243.1	-0.239
243.2	-0.215
243.3	-0.199
243.4	-0.167
243.5	-0.148
243.6	-0.115
243.7	-0.086
243.8	-0.059
243.9	-0.034
244	-0.029
244.1	-0.009
244.2	0.023
244.3	0.035
244.4	0.066
244.5	0.094
244.6	0.106
244.7	0.135
244.8	0.149
244.9	0.176
245	0.203
245.1	0.206
245.2	0.224
245.3	0.254
245.4	0.233
245.5	0.252
245.6	0.257
245.7	0.268
245.8	0.271
245.9	0.289
246	0.315
246.1	0.302
246.2	0.296
246.3	0.299
246.4	0.294
246.5	0.294
246.6	0.314
246.7	0.312
246.8	0.301
246.9	0.302
247	0.31
247.1	0.309
247.2	0.284
247.3	0.258
247.4	0.263
247.5	0.264
247.6	0.249
247.7	0.228
247.8	0.23
247.9	0.216
248	0.197
248.1	0.2
248.2	0.162
248.3	0.144
248.4	0.137
248.5	0.104
248.6	0.089
248.7	0.098
248.8	0.066
248.9	0.038
249	0.039
249.1	0.01
249.2	0.006
249.3	-0.011
249.4	-0.03
249.5	-0.044
249.6	-0.06
249.7	-0.075
249.8	-0.087
249.9	-0.093
250	-0.124
250.1	-0.147
250.2	-0.155
250.3	-0.181
250.4	-0.205
250.5	-0.212
250.6	-0.225
250.7	-0.237
250.8	-0.246
250.9	-0.271
251	-0.276
251.1	-0.292
251.2	-0.289
251.3	-0.311
251.4	-0.322
251.5	-0.325
251.6	-0.364
251.7	-0.364
251.8	-0.395
251.9	-0.404
252	-0.402
252.1	-0.431
252.2	-0.423
252.3	-0.435
252.4	-0.433
252.5	-0.444
252.6	-0.462
252.7	-0.459
252.8	-0.456
252.9	-0.469
253	-0.468
253.1	-0.468
253.2	-0.477
253.3	-0.489
253.4	-0.499
253.5	-0.489
253.6	-0.489
253.7	-0.493
253.8	-0.494
253.9	-0.487
254	-0.475
254.1	-0.476
254.2	-0.469
254.3	-0.457
254.4	-0.463
254.5	-0.453
254.6	-0.442
254.7	-0.391
254.8	-0.389
254.9	-0.368
255	-0.352
255.1	-0.36
255.2	-0.338
255.3	-0.318
255.4	-0.299
255.5	-0.267
255.6	-0.205
255.7	-0.167
255.8	-0.167
255.9	-0.135
256	-0.101
256.1	-0.09
256.2	-0.044
256.3	-0.026
256.4	-0.009
256.5	0.022
256.6	0.034
256.7	0.058
256.8	0.079
256.9	0.105
257	0.118
257.1	0.164
257.2	0.192
257.3	0.226
257.4	0.231
257.5	0.261
257.6	0.281
257.7	0.304
257.8	0.31
257.9	0.346
258	0.353
258.1	0.376
258.2	0.407
258.3	0.416
258.4	0.427
258.5	0.45
258.6	0.468
258.7	0.491
258.8	0.508
258.9	0.506
259	0.507
259.1	0.501
259.2	0.496
259.3	0.469
259.4	0.473
259.5	0.457
259.6	0.458
259.7	0.445
259.8	0.445
259.9	0.424
260	0.414
260.1	0.412
260.2	0.402
260.3	0.389
260.4	0.385
260.5	0.392
260.6	0.371
260.7	0.373
260.8	0.354
260.9	0.347
261	0.313
261.1	0.298
261.2	0.284
261.3	0.273
261.4	0.268
261.5	0.233
261.6	0.205
261.7	0.186
261.8	0.176
261.9	0.152
262	0.148
262.1	0.132
262.2	0.111
262.3	0.104
262.4	0.085
262.5	0.059
262.6	0.034
262.7	0.019
262.8	-0.021
262.9	-0.035
263	-0.059
263.1	-0.078
263.2	-0.098
263.3	-0.129
263.4	-0.142
263.5	-0.178
263.6	-0.19
263.7	-0.205
263.8	-0.218
263.9	-0.252
264	-0.257
264.1	-0.258
264.2	-0.277
264.3	-0.299
264.4	-0.318
264.5	-0.349
264.6	-0.357
264.7	-0.38
264.8	-0.386
264.9	-0.419
265	-0.427
265.1	-0.424
265.2	-0.441
265.3	-0.48
265.4	-0.48
265.5	-0.492
265.6	-0.516
265.7	-0.516
265.8	-0.526
265.9	-0.534
266	-0.546
266.1	-0.54
266.2	-0.538
266.3	-0.542
266.4	-0.524
266.5	-0.515
266.6	-0.504
266.7	-0.497
266.8	-0.495
266.9	-0.493
267	-0.473
267.1	-0.458
267.2	-0.434
267.3	-0.479
267.4	-0.471
267.5	-0.453
267.6	-0.425
267.7	-0.394
267.8	-0.375
267.9	-0.358
268	-0.337
268.1	-0.28
268.2	-0.256
268.3	-0.233
268.4	-0.206
268.5	-0.201
268.6	-0.151
268.7	-0.13
268.8	-0.098
268.9	-0.081
269	-0.036
269.1	0.015
269.2	0.043
269.3	0.077
269.4	0.108
269.5	0.142
269.6	0.138
269.7	0.154
269.8	0.171
269.9	0.18
270	0.246
270.1	0.238
270.2	0.231
270.3	0.243
270.4	0.258
270.5	0.273
270.6	0.272
270.7	0.267
270.8	0.268
270.9	0.264
271	0.244
271.1	0.255
271.2	0.282
271.3	0.274
271.4	0.284
271.5	0.291
271.6	0.275
271.7	0.279
271.8	0.265
271.9	0.288
272	0.27
272.1	0.265
272.2	0.239
272.3	0.247
272.4	0.233
272.5	0.235
272.6	0.243
272.7	0.26
272.8	0.257
272.9	0.265
273	0.249
273.1	0.234
273.2	0.211
273.3	0.187
273.4	0.172
273.5	0.14
273.6	0.108
273.7	0.098
273.8	0.081
273.9	0.071
274	0.028
274.1	-0.01
274.2	-0.02
274.3	-0.046
274.4	-0.047
274.5	-0.073
274.6	-0.104
274.7	-0.1
274.8	-0.117
274.9	-0.121
275	-0.141
275.1	-0.154
275.2	-0.176
275.3	-0.178
275.4	-0.197
275.5	-0.204
275.6	-0.238
275.7	-0.247
275.8	-0.256
275.9	-0.245
276	-0.264
276.1	-0.297
276.2	-0.314
276.3	-0.323
276.4	-0.327
276.5	-0.354
276.6	-0.367
276.7	-0.382
276.8	-0.405
276.9	-0.411
277	-0.421
277.1	-0.432
277.2	-0.457
277.3	-0.477
277.4	-0.492
277.5	-0.482
277.6	-0.505
277.7	-0.532
277.8	-0.525
277.9	-0.519
278	-0.524
278.1	-0.534
278.2	-0.536
278.3	-0.518
278.4	-0.497
278.5	-0.481
278.6	-0.502
278.7	-0.509
278.8	-0.499
278.9	-0.468
279	-0.445
279.1	-0.442
279.2	-0.407
279.3	-0.383
279.4	-0.357
279.5	-0.332
279.6	-0.304
279.7	-0.289
279.8	-0.271
279.9	-0.26
280	-0.224
280.1	-0.193
280.2	-0.172
280.3	-0.155
280.4	-0.126
280.5	-0.086
280.6	-0.057
280.7	-0.035
280.8	-0.007
280.9	0.032
281	0.058
281.1	0.08
281.2	0.117
281.3	0.154
281.4	0.169
281.5	0.194
281.6	0.212
281.7	0.234
281.8	0.252
281.9	0.261
282	0.31
282.1	0.316
282.2	0.337
282.3	0.359
282.4	0.374
282.5	0.388
282.6	0.402
282.7	0.422
282.8	0.434
282.9	0.446
283	0.452
283.1	0.461
283.2	0.476
283.3	0.476
283.4	0.499
283.5	0.502
283.6	0.516
283.7	0.505
283.8	0.5
283.9	0.491
284	0.497
284.1	0.497
284.2	0.509
284.3	0.517
284.4	0.531
284.5	0.532
284.6	0.523
284.7	0.527
284.8	0.512
284.9	0.505
285	0.501
285.1	0.499
285.2	0.505
285.3	0.484
285.4	0.454
285.5	0.438
285.6	0.418
285.7	0.421
285.8	0.417
285.9	0.393
286	0.374
286.1	0.372
286.2	0.356
286.3	0.337
286.4	0.308
286.5	0.294
286.6	0.269
286.7	0.263
286.8	0.242
286.9	0.206
287	0.194
287.1	0.175
287.2	0.152
287.3	0.137
287.4	0.12
287.5	0.102
287.6	0.07
287.7	0.063
287.8	0.043
287.9	0.022
288	0
288.1	-0.022
288.2	-0.059
288.3	-0.091
288.4	-0.133
288.5	-0.151
288.6	-0.172
288.7	-0.19
288.8	-0.207
288.9	-0.248
289	-0.259
289.1	-0.278
289.2	-0.298
289.3	-0.319
289.4	-0.339
289.5	-0.355
289.6	-0.374
289.7	-0.389
289.8	-0.397
289.9	-0.421
290	-0.423
290.1	-0.433
290.2	-0.448
290.3	-0.475
290.4	-0.463
290.5	-0.461
290.6	-0.478
290.7	-0.476
290.8	-0.448
290.9	-0.449
291	-0.422
291.1	-0.435
291.2	-0.435
291.3	-0.415
291.4	-0.417
291.5	-0.425
291.6	-0.396
291.7	-0.394
291.8	-0.392
291.9	-0.373
292	-0.346
292.1	-0.337
292.2	-0.321
292.3	-0.288
292.4	-0.27
292.5	-0.235
292.6	-0.202
292.7	-0.191
292.8	-0.178
292.9	-0.14
293	-0.13
293.1	-0.126
293.2	-0.101
293.3	-0.081
293.4	-0.058
293.5	-0.032
293.6	0.002
293.7	0.005
293.8	0.023
293.9	0.053
294	0.059
294.1	0.077
294.2	0.096
294.3	0.112
294.4	0.142
294.5	0.157
294.6	0.155
294.7	0.166
294.8	0.177
294.9	0.188
295	0.209
295.1	0.237
295.2	0.244
295.3	0.262
295.4	0.27
295.5	0.281
295.6	0.303
295.7	0.306
295.8	0.328
295.9	0.345
296	0.357
296.1	0.358
296.2	0.359
296.3	0.36
296.4	0.362
296.5	0.364
296.6	0.359
296.7	0.373
296.8	0.387
296.9	0.391
297	0.403
297.1	0.404
297.2	0.405
297.3	0.393
297.4	0.392
297.5	0.393
297.6	0.372
297.7	0.36
297.8	0.349
297.9	0.318
298	0.302
298.1	0.302
298.2	0.294
298.3	0.293
298.4	0.281
298.5	0.283
298.6	0.252
298.7	0.227
298.8	0.219
298.9	0.195
299	0.171
299.1	0.166
299.2	0.146
299.3	0.118
299.4	0.094
299.5	0.066
299.6	0.038
299.7	0.013
299.8	0.001
299.9	-0.032
300	-0.052
300.1	-0.074
300.2	-0.084
300.3	-0.106
300.4	-0.121
300.5	-0.122
300.6	-0.122
300.7	-0.149
300.8	-0.177
300.9	-0.205
301	-0.229
301.1	-0.236
301.2	-0.254
301.3	-0.283
301.4	-0.293
301.5	-0.307
301.6	-0.322
301.7	-0.331
301.8	-0.355
301.9	-0.356
302	-0.353
302.1	-0.37
302.2	-0.371
302.3	-0.37
302.4	-0.38
302.5	-0.384
302.6	-0.396
302.7	-0.394
302.8	-0.4
302.9	-0.408
303	-0.417
303.1	-0.407
303.2	-0.387
303.3	-0.373
303.4	-0.369
303.5	-0.356
303.6	-0.355
303.7	-0.336
303.8	-0.336
303.9	-0.32
304	-0.291
304.1	-0.274
304.2	-0.265
304.3	-0.251
304.4	-0.215
304.5	-0.194
304.6	-0.191
304.7	-0.175
304.8	-0.151
304.9	-0.115
305	-0.084
305.1	-0.059
305.2	-0.052
305.3	-0.031
305.4	-0.013
305.5	0.018
305.6	0.041
305.7	0.071
305.8	0.1
305.9	0.127
306	0.143
306.1	0.151
306.2	0.171
306.3	0.188
306.4	0.219
306.5	0.256
306.6	0.266
306.7	0.29
306.8	0.3
306.9	0.328
307	0.352
307.1	0.37
307.2	0.401
307.3	0.408
307.4	0.412
307.5	0.421
307.6	0.438
307.7	0.469
307.8	0.485
307.9	0.493
308	0.504
308.1	0.546
308.2	0.56
308.3	0.56
308.4	0.567
308.5	0.568
308.6	0.575
308.7	0.576
308.8	0.569
308.9	0.59
309	0.593
309.1	0.588
309.2	0.596
309.3	0.589
309.4	0.583
309.5	0.596
309.6	0.597
309.7	0.602
309.8	0.61
309.9	0.617
310	0.613
310.1	0.594
310.2	0.599
310.3	0.562
310.4	0.556
310.5	0.555
310.6	0.536
310.7	0.532
310.8	0.498
310.9	0.495
311	0.484
311.1	0.474
311.2	0.454
311.3	0.434
311.4	0.41
311.5	0.405
311.6	0.392
311.7	0.354
311.8	0.349
311.9	0.315
312	0.279
312.1	0.273
312.2	0.247
312.3	0.216
312.4	0.193
312.5	0.175
312.6	0.142
312.7	0.128
312.8	0.098
312.9	0.068
313	0.07
313.1	0.014
313.2	-0.026
313.3	-0.047
313.4	-0.067
313.5	-0.091
313.6	-0.1
313.7	-0.122
313.8	-0.16
313.9	-0.177
314	-0.204
314.1	-0.224
314.2	-0.239
314.3	-0.274
314.4	-0.29
314.5	-0.307
314.6	-0.327
314.7	-0.337
314.8	-0.347
314.9	-0.357
315	-0.366
315.1	-0.376
315.2	-0.377
315.3	-0.376
315.4	-0.366
315.5	-0.371
315.6	-0.354
315.7	-0.345
315.8	-0.359
315.9	-0.341
316	-0.329
316.1	-0.306
316.2	-0.298
316.3	-0.293
316.4	-0.275
316.5	-0.28
316.6	-0.269
316.7	-0.248
316.8	-0.219
316.9	-0.195
317	-0.181
317.1	-0.174
317.2	-0.16
317.3	-0.123
317.4	-0.09
317.5	-0.075
317.6	-0.04
317.7	-0.029
317.8	-0.002
317.9	0.035
318	0.042
318.1	0.056
318.2	0.08
318.3	0.099
318.4	0.117
318.5	0.12
318.6	0.132
318.7	0.163
318.8	0.179
318.9	0.21
319	0.225
319.1	0.244
319.2	0.276
319.3	0.299
319.4	0.32
319.5	0.332
319.6	0.341
319.7	0.346
319.8	0.377
319.9	0.381
320	0.398
320.1	0.418
320.2	0.438
320.3	0.455
320.4	0.467
320.5	0.464
320.6	0.481
320.7	0.509
320.8	0.516
320.9	0.511
321	0.536
321.1	0.53
321.2	0.542
321.3	0.53
321.4	0.537
321.5	0.541
321.6	0.529
321.7	0.537
321.8	0.54
321.9	0.539
322	0.541
322.1	0.527
322.2	0.524
322.3	0.515
322.4	0.495
322.5	0.467
322.6	0.46
322.7	0.446
322.8	0.423
322.9	0.411
323	0.392
323.1	0.376
323.2	0.363
323.3	0.356
323.4	0.341
323.5	0.324
323.6	0.305
323.7	0.272
323.8	0.269
323.9	0.247
324	0.23
324.1	0.203
324.2	0.199
324.3	0.179
324.4	0.142
324.5	0.115
324.6	0.1
324.7	0.069
324.8	0.054
324.9	0.04
325	0.018
325.1	0.007
325.2	-0.02
325.3	-0.04
325.4	-0.039
325.5	-0.064
325.6	-0.086
325.7	-0.108
325.8	-0.117
325.9	-0.149
326	-0.17
326.1	-0.189
326.2	-0.21
326.3	-0.229
326.4	-0.242
326.5	-0.288
326.6	-0.305
326.7	-0.304
326.8	-0.316
326.9	-0.329
327	-0.339
327.1	-0.336
327.2	-0.34
327.3	-0.337
327.4	-0.34
327.5	-0.337
327.6	-0.347
327.7	-0.339
327.8	-0.349
327.9	-0.347
328	-0.338
328.1	-0.352
328.2	-0.355
328.3	-0.344
328.4	-0.333
328.5	-0.325
328.6	-0.321
328.7	-0.303
328.8	-0.286
328.9	-0.277
329	-0.253
329.1	-0.242
329.2	-0.226
329.3	-0.215
329.4	-0.209
329.5	-0.184
329.6	-0.146
329.7	-0.121
329.8	-0.107
329.9	-0.079
330	-0.055
330.1	-0.019
330.2	0.013
330.3	0.05
330.4	0.069
330.5	0.085
330.6	0.127
330.7	0.161
330.8	0.195
330.9	0.199
331	0.229
331.1	0.261
331.2	0.299
331.3	0.333
331.4	0.348
331.5	0.382
331.6	0.417
331.7	0.441
331.8	0.479
331.9	0.497
332	0.531
332.1	0.542
332.2	0.573
332.3	0.6
332.4	0.623
332.5	0.64
332.6	0.664
332.7	0.685
332.8	0.692
332.9	0.709
333	0.719
333.1	0.725
333.2	0.723
333.3	0.728
333.4	0.744
333.5	0.749
333.6	0.753
333.7	0.761
333.8	0.75
333.9	0.752
334	0.753
334.1	0.76
334.2	0.755
334.3	0.738
334.4	0.739
334.5	0.728
334.6	0.717
334.7	0.724
334.8	0.712
334.9	0.693
335	0.679
335.1	0.658
335.2	0.644
335.3	0.63
335.4	0.609
335.5	0.589
335.6	0.559
335.7	0.534
335.8	0.518
335.9	0.507
336	0.485
336.1	0.477
336.2	0.462
336.3	0.425
336.4	0.38
336.5	0.362
336.6	0.317
336.7	0.28
336.8	0.248
336.9	0.216
337	0.185
337.1	0.172
337.2	0.128
337.3	0.101
337.4	0.098
337.5	0.061
337.6	0.04
337.7	0.029
337.8	-0.001
337.9	-0.033
338	-0.049
338.1	-0.069
338.2	-0.113
338.3	-0.13
338.4	-0.146
338.5	-0.17
338.6	-0.186
338.7	-0.208
338.8	-0.225
338.9	-0.245
339	-0.251
339.1	-0.267
339.2	-0.293
339.3	-0.312
339.4	-0.321
339.5	-0.318
339.6	-0.328
339.7	-0.342
339.8	-0.344
339.9	-0.356
340	-0.342
340.1	-0.363
340.2	-0.361
340.3	-0.369
340.4	-0.364
340.5	-0.349
340.6	-0.338
340.7	-0.326
340.8	-0.327
340.9	-0.319
341	-0.304
341.1	-0.289
341.2	-0.271
341.3	-0.255
341.4	-0.241
341.5	-0.231
341.6	-0.213
341.7	-0.196
341.8	-0.183
341.9	-0.172
342	-0.148
342.1	-0.127
342.2	-0.115
342.3	-0.09
342.4	-0.07
342.5	-0.037
342.6	-0.028
342.7	-0.005
342.8	0.003
342.9	0.017
343	0.04
343.1	0.07
343.2	0.105
343.3	0.132
343.4	0.143
343.5	0.177
343.6	0.208
343.7	0.245
343.8	0.266
343.9	0.301
344	0.326
344.1	0.337
344.2	0.361
344.3	0.373
344.4	0.391
344.5	0.4
344.6	0.427
344.7	0.447
344.8	0.46
344.9	0.481
345	0.504
345.1	0.517
345.2	0.539
345.3	0.563
345.4	0.574
345.5	0.575
345.6	0.587
345.7	0.592
345.8	0.593
345.9	0.602
346	0.611
346.1	0.611
346.2	0.596
346.3	0.606
346.4	0.613
346.5	0.601
346.6	0.574
346.7	0.561
346.8	0.569
346.9	0.561
347	0.56
347.1	0.555
347.2	0.539
347.3	0.539
347.4	0.521
347.5	0.498
347.6	0.482
347.7	0.472
347.8	0.461
347.9	0.449
348	0.426
348.1	0.409
348.2	0.384
348.3	0.36
348.4	0.324
348.5	0.298
348.6	0.266
348.7	0.249
348.8	0.217
348.9	0.196
349	0.157
349.1	0.137
349.2	0.101
349.3	0.08
349.4	0.067
349.5	0.044
349.6	0.009
349.7	0.001
349.8	-0.031
349.9	-0.054
350	-0.081
350.1	-0.106
350.2	-0.116
350.3	-0.141
350.4	-0.161
350.5	-0.201
350.6	-0.221
350.7	-0.225
350.8	-0.255
350.9	-0.298
351	-0.316
351.1	-0.337
351.2	-0.357
351.3	-0.376
351.4	-0.377
351.5	-0.379
351.6	-0.379
351.7	-0.411
351.8	-0.412
351.9	-0.419
352	-0.424
352.1	-0.44
352.2	-0.45
352.3	-0.486
352.4	-0.448
352.5	-0.463
352.6	-0.468
352.7	-0.47
352.8	-0.469
352.9	-0.473
353	-0.452
353.1	-0.442
353.2	-0.435
353.3	-0.417
353.4	-0.415
353.5	-0.382
353.6	-0.351
353.7	-0.337
353.8	-0.331
353.9	-0.296
354	-0.279
354.1	-0.242
354.2	-0.208
354.3	-0.183
354.4	-0.15
354.5	-0.135
354.6	-0.117
354.7	-0.103
354.8	-0.069
354.9	-0.034
355	-0.014
355.1	0.02
355.2	0.046
355.3	0.058
355.4	0.104
355.5	0.135
355.6	0.163
355.7	0.192
355.8	0.212
355.9	0.241
356	0.262
356.1	0.299
356.2	0.329
356.3	0.365
356.4	0.387
356.5	0.416
356.6	0.436
356.7	0.472
356.8	0.479
356.9	0.5
357	0.519
357.1	0.556
357.2	0.566
357.3	0.583
357.4	0.598
357.5	0.623
357.6	0.632
357.7	0.635
357.8	0.639
357.9	0.664
358	0.68
358.1	0.686
358.2	0.685
358.3	0.7
358.4	0.714
358.5	0.717
358.6	0.729
358.7	0.741
358.8	0.748
358.9	0.74
359	0.733
359.1	0.722
359.2	0.714
359.3	0.721
359.4	0.706
359.5	0.695
359.6	0.673
359.7	0.657
359.8	0.624
359.9	0.61
360	0.594
360.1	0.588
360.2	0.567
360.3	0.538
360.4	0.52
360.5	0.474
360.6	0.436
360.7	0.433
360.8	0.399
360.9	0.37
361	0.352
361.1	0.324
361.2	0.29
361.3	0.252
361.4	0.242
361.5	0.211
361.6	0.186
361.7	0.157
361.8	0.107
361.9	0.07
362	0.037
362.1	0.019
362.2	-0.005
362.3	-0.028
362.4	-0.069
362.5	-0.083
362.6	-0.117
362.7	-0.128
362.8	-0.161
362.9	-0.184
363	-0.208
363.1	-0.233
363.2	-0.254
363.3	-0.271
363.4	-0.299
363.5	-0.313
363.6	-0.346
363.7	-0.368
363.8	-0.364
363.9	-0.378
364	-0.389
364.1	-0.395
364.2	-0.399
364.3	-0.411
364.4	-0.408
364.5	-0.424
364.6	-0.426
364.7	-0.446
364.8	-0.464
364.9	-0.455
365	-0.447
365.1	-0.456
365.2	-0.463
365.3	-0.448
365.4	-0.442
365.5	-0.43
365.6	-0.407
365.7	-0.407
365.8	-0.374
365.9	-0.376
366	-0.37
366.1	-0.349
366.2	-0.346
366.3	-0.314
366.4	-0.298
366.5	-0.282
366.6	-0.252
366.7	-0.229
366.8	-0.21
366.9	-0.179
367	-0.147
367.1	-0.13
367.2	-0.1
367.3	-0.063
367.4	-0.029
367.5	0.007
367.6	0.041
367.7	0.074
367.8	0.101
367.9	0.124
368	0.148
368.1	0.182
368.2	0.205
368.3	0.249
368.4	0.27
368.5	0.29
368.6	0.308
368.7	0.335
368.8	0.356
368.9	0.389
369	0.401
369.1	0.427
369.2	0.447
369.3	0.464
369.4	0.486
369.5	0.507
369.6	0.515
369.7	0.538
369.8	0.543
369.9	0.567
370	0.577
370.1	0.579
370.2	0.585
370.3	0.577
370.4	0.586
370.5	0.58
370.6	0.592
370.7	0.588
370.8	0.606
370.9	0.6
371	0.594
371.1	0.575
371.2	0.569
371.3	0.57
371.4	0.552
371.5	0.539
371.6	0.529
371.7	0.52
371.8	0.497
371.9	0.484
372	0.468
372.1	0.471
372.2	0.466
372.3	0.447
372.4	0.422
372.5	0.389
372.6	0.366
372.7	0.33
372.8	0.311
372.9	0.289
373	0.249
373.1	0.224
373.2	0.213
373.3	0.178
373.4	0.16
373.5	0.144
373.6	0.107
373.7	0.078
373.8	0.065
373.9	0.036
374	0.012
374.1	-0.015
374.2	-0.048
374.3	-0.066
374.4	-0.098
374.5	-0.129
374.6	-0.159
374.7	-0.195
374.8	-0.21
374.9	-0.23
375	-0.255
375.1	-0.26
375.2	-0.296
375.3	-0.318
375.4	-0.338
375.5	-0.351
375.6	-0.368
375.7	-0.4
375.8	-0.411
375.9	-0.441
376	-0.453
376.1	-0.459
376.2	-0.469
376.3	-0.479
376.4	-0.488
376.5	-0.503
376.6	-0.519
376.7	-0.516
376.8	-0.526
376.9	-0.526
377	-0.521
377.1	-0.509
377.2	-0.527
377.3	-0.522
377.4	-0.521
377.5	-0.521
377.6	-0.514
377.7	-0.515
377.8	-0.5
377.9	-0.496
378	-0.474
378.1	-0.457
378.2	-0.448
378.3	-0.441
378.4	-0.405
378.5	-0.395
378.6	-0.363
378.7	-0.352
378.8	-0.328
378.9	-0.298
379	-0.267
379.1	-0.239
379.2	-0.217
379.3	-0.188
379.4	-0.157
379.5	-0.127
379.6	-0.094
379.7	-0.063
379.8	-0.03
379.9	0.003
380	0.036
380.1	0.072
380.2	0.111
380.3	0.143
380.4	0.18
380.5	0.21
380.6	0.252
380.7	0.283
380.8	0.3
380.9	0.339
381	0.367
381.1	0.392
381.2	0.426
381.3	0.428
381.4	0.479
381.5	0.502
381.6	0.518
381.7	0.554
381.8	0.57
381.9	0.581
382	0.586
382.1	0.611
382.2	0.631
382.3	0.658
382.4	0.68
382.5	0.692
382.6	0.702
382.7	0.707
382.8	0.716
382.9	0.737
383	0.743
383.1	0.754
383.2	0.771
383.3	0.757
383.4	0.768
383.5	0.771
383.6	0.768
383.7	0.755
383.8	0.745
383.9	0.73
384	0.7
384.1	0.674
384.2	0.659
384.3	0.643
384.4	0.63
384.5	0.607
384.6	0.588
384.7	0.567
384.8	0.547
384.9	0.54
385	0.507
385.1	0.473
385.2	0.45
385.3	0.421
385.4	0.391
385.5	0.354
385.6	0.323
385.7	0.296
385.8	0.266
385.9	0.23
386	0.2
386.1	0.181
386.2	0.147
386.3	0.115
386.4	0.081
386.5	0.05
386.6	0.02
386.7	-0.011
386.8	-0.027
386.9	-0.052
387	-0.086
387.1	-0.115
387.2	-0.166
387.3	-0.179
387.4	-0.203
387.5	-0.226
387.6	-0.249
387.7	-0.264
387.8	-0.284
387.9	-0.294
388	-0.309
388.1	-0.327
388.2	-0.348
388.3	-0.357
388.4	-0.369
388.5	-0.399
388.6	-0.415
388.7	-0.432
388.8	-0.446
388.9	-0.449
389	-0.455
389.1	-0.456
389.2	-0.459
389.3	-0.462
389.4	-0.456
389.5	-0.471
389.6	-0.467
389.7	-0.462
389.8	-0.463
389.9	-0.456
390	-0.452
390.1	-0.453
390.2	-0.459
390.3	-0.425
390.4	-0.429
390.5	-0.409
390.6	-0.383
390.7	-0.366
390.8	-0.358
390.9	-0.332
391	-0.31
391.1	-0.281
391.2	-0.249
391.3	-0.224
391.4	-0.194
391.5	-0.168
391.6	-0.141
391.7	-0.124
391.8	-0.095
391.9	-0.067
392	-0.033
392.1	0.013
392.2	0.018
392.3	0.052
392.4	0.086
392.5	0.118
392.6	0.148
392.7	0.182
392.8	0.215
392.9	0.237
393	0.273
393.1	0.305
393.2	0.337
393.3	0.373
393.4	0.391
393.5	0.411
393.6	0.439
393.7	0.459
393.8	0.472
393.9	0.497
394	0.512
394.1	0.515
394.2	0.535
394.3	0.527
394.4	0.544
394.5	0.562
394.6	0.581
394.7	0.594
394.8	0.612
394.9	0.616
395	0.613
395.1	0.636
395.2	0.623
395.3	0.635
395.4	0.624
395.5	0.616
395.6	0.617
395.7	0.615
395.8	0.618
395.9	0.609
396	0.612
396.1	0.607
396.2	0.598
396.3	0.593
396.4	0.566
396.5	0.549
396.6	0.54
396.7	0.54
396.8	0.503
396.9	0.482
397	0.471
397.1	0.446
397.2	0.427
397.3	0.405
397.4	0.376
397.5	0.355
397.6	0.34
397.7	0.323
397.8	0.298
397.9	0.266
398	0.248
398.1	0.2
398.2	0.174
398.3	0.142
398.4	0.126
398.5	0.091
398.6	0.049
398.7	0.019
398.8	-0.004
398.9	-0.037
399	-0.062
399.1	-0.083
399.2	-0.116
399.3	-0.129
399.4	-0.168
399.5	-0.2
399.6	-0.22
399.7	-0.247
399.8	-0.263
399.9	-0.294
400	-0.313
400.1	-0.338
400.2	-0.362
400.3	-0.401
400.4	-0.428
400.5	-0.449
400.6	-0.457
400.7	-0.483
400.8	-0.498
400.9	-0.517
401	-0.524
401.1	-0.526
401.2	-0.527
401.3	-0.537
401.4	-0.541
401.5	-0.543
401.6	-0.571
401.7	-0.576
401.8	-0.58
401.9	-0.585
402	-0.573
402.1	-0.555
402.2	-0.533
402.3	-0.528
402.4	-0.527
402.5	-0.498
402.6	-0.475
402.7	-0.448
402.8	-0.42
402.9	-0.407
403	-0.387
403.1	-0.366
403.2	-0.347
403.3	-0.36
403.4	-0.323
403.5	-0.3
403.6	-0.28
403.7	-0.234
403.8	-0.202
403.9	-0.163
404	-0.109
404.1	-0.071
404.2	-0.04
404.3	0.011
404.4	0.048
404.5	0.09
404.6	0.137
404.7	0.171
404.8	0.201
404.9	0.232
405	0.263
405.1	0.29
405.2	0.322
405.3	0.364
405.4	0.376
405.5	0.429
405.6	0.458
405.7	0.505
405.8	0.515
405.9	0.543
406	0.549
406.1	0.562
406.2	0.576
406.3	0.6
406.4	0.621
406.5	0.645
406.6	0.674
406.7	0.677
406.8	0.708
406.9	0.737
407	0.749
407.1	0.753
407.2	0.767
407.3	0.787
407.4	0.781
407.5	0.792
407.6	0.791
407.7	0.791
407.8	0.792
407.9	0.775
408	0.776
408.1	0.767
408.2	0.736
408.3	0.742
408.4	0.737
408.5	0.731
408.6	0.723
408.7	0.711
408.8	0.692
408.9	0.672
409	0.667
409.1	0.655
409.2	0.638
409.3	0.612
409.4	0.58
409.5	0.572
409.6	0.522
409.7	0.509
409.8	0.475
409.9	0.462
410	0.428
410.1	0.4
410.2	0.385
410.3	0.347
410.4	0.319
410.5	0.275
410.6	0.248
410.7	0.214
410.8	0.208
410.9	0.163
411	0.134
411.1	0.123
411.2	0.099
411.3	0.062
411.4	0.031
411.5	-0.003
411.6	-0.028
411.7	-0.057
411.8	-0.083
411.9	-0.11
412	-0.139
412.1	-0.16
412.2	-0.185
412.3	-0.203
412.4	-0.235
412.5	-0.277
412.6	-0.315
412.7	-0.325
412.8	-0.331
412.9	-0.346
413	-0.375
413.1	-0.388
413.2	-0.411
413.3	-0.42
413.4	-0.441
413.5	-0.448
413.6	-0.46
413.7	-0.465
413.8	-0.472
413.9	-0.475
414	-0.48
414.1	-0.479
414.2	-0.478
414.3	-0.491
414.4	-0.489
414.5	-0.478
414.6	-0.479
414.7	-0.48
414.8	-0.465
414.9	-0.445
415	-0.428
415.1	-0.404
415.2	-0.409
415.3	-0.376
415.4	-0.346
415.5	-0.327
415.6	-0.301
415.7	-0.276
415.8	-0.241
415.9	-0.199
416	-0.151
416.1	-0.131
416.2	-0.089
416.3	-0.053
416.4	-0.03
416.5	0
416.6	0.041
416.7	0.078
416.8	0.113
416.9	0.147
417	0.185
417.1	0.206
417.2	0.251
417.3	0.28
417.4	0.314
417.5	0.35
417.6	0.383
417.7	0.405
417.8	0.43
417.9	0.456
418	0.472
418.1	0.511
418.2	0.524
418.3	0.57
418.4	0.574
418.5	0.601
418.6	0.614
418.7	0.642
418.8	0.669
418.9	0.69
419	0.712
419.1	0.706
419.2	0.704
419.3	0.734
419.4	0.741
419.5	0.76
419.6	0.787
419.7	0.785
419.8	0.814
419.9	0.818
420	0.821
420.1	0.827
420.2	0.834
420.3	0.844
420.4	0.847
420.5	0.848
420.6	0.833
420.7	0.826
420.8	0.824
420.9	0.794
421	0.789
421.1	0.783
421.2	0.75
421.3	0.755
421.4	0.726
421.5	0.713
421.6	0.692
421.7	0.661
421.8	0.651
421.9	0.617
422	0.577
422.1	0.553
422.2	0.521
422.3	0.488
422.4	0.473
422.5	0.43
422.6	0.416
422.7	0.383
422.8	0.34
422.9	0.316
423	0.295
423.1	0.247
423.2	0.215
423.3	0.207
423.4	0.147
423.5	0.11
423.6	0.085
423.7	0.062
423.8	0.022
423.9	0.004
424	-0.027
424.1	-0.058
424.2	-0.09
424.3	-0.118
424.4	-0.117
424.5	-0.168
424.6	-0.17
424.7	-0.199
424.8	-0.233
424.9	-0.267
425	-0.263
425.1	-0.293
425.2	-0.324
425.3	-0.341
425.4	-0.358
425.5	-0.35
425.6	-0.379
425.7	-0.399
425.8	-0.416
425.9	-0.423
426	-0.425
426.1	-0.444
426.2	-0.47
426.3	-0.47
426.4	-0.508
426.5	-0.503
426.6	-0.477
426.7	-0.448
426.8	-0.438
426.9	-0.447
427	-0.438
427.1	-0.416
427.2	-0.387
427.3	-0.377
427.4	-0.393
427.5	-0.365
427.6	-0.335
427.7	-0.327
427.8	-0.32
427.9	-0.28
428	-0.246
428.1	-0.244
428.2	-0.205
428.3	-0.167
428.4	-0.129
428.5	-0.077
428.6	-0.055
428.7	-0.016
428.8	0.014
428.9	0.009
429	0.057
429.1	0.088
429.2	0.118
429.3	0.155
429.4	0.182
429.5	0.227
429.6	0.269
429.7	0.29
429.8	0.326
429.9	0.332
430	0.37
430.1	0.436
430.2	0.455
430.3	0.47
430.4	0.512
430.5	0.515
430.6	0.532
430.7	0.549
430.8	0.607
430.9	0.607
431	0.625
431.1	0.633
431.2	0.679
431.3	0.705
431.4	0.708
431.5	0.737
431.6	0.725
431.7	0.767
431.8	0.771
431.9	0.762
432	0.788
432.1	0.797
432.2	0.821
432.3	0.823
432.4	0.822
432.5	0.831
432.6	0.807
432.7	0.812
432.8	0.819
432.9	0.813
433	0.795
433.1	0.782
433.2	0.757
433.3	0.732
433.4	0.755
433.5	0.726
433.6	0.714
433.7	0.681
433.8	0.648
433.9	0.638
434	0.617
434.1	0.591
434.2	0.549
434.3	0.53
434.4	0.496
434.5	0.467
434.6	0.44
434.7	0.403
434.8	0.396
434.9	0.366
435	0.338
435.1	0.315
435.2	0.261
435.3	0.236
435.4	0.202
435.5	0.149
435.6	0.122
435.7	0.089
435.8	0.052
435.9	0.022
436	-0.005
436.1	-0.026
436.2	-0.076
436.3	-0.103
436.4	-0.133
436.5	-0.158
436.6	-0.182
436.7	-0.199
436.8	-0.229
436.9	-0.271
437	-0.298
437.1	-0.315
437.2	-0.343
437.3	-0.357
437.4	-0.395
437.5	-0.405
437.6	-0.427
437.7	-0.453
437.8	-0.478
437.9	-0.488
438	-0.503
438.1	-0.512
438.2	-0.514
438.3	-0.529
438.4	-0.543
438.5	-0.517
438.6	-0.527
438.7	-0.542
438.8	-0.524
438.9	-0.539
439	-0.517
439.1	-0.497
439.2	-0.473
439.3	-0.455
439.4	-0.436
439.5	-0.426
439.6	-0.413
439.7	-0.405
439.8	-0.389
439.9	-0.353
440	-0.319
440.1	-0.294
440.2	-0.264
440.3	-0.231
440.4	-0.2
440.5	-0.166
440.6	-0.143
440.7	-0.102
440.8	-0.073
440.9	-0.044
441	-0.007
441.1	0.023
441.2	0.061
441.3	0.086
441.4	0.12
441.5	0.14
441.6	0.19
441.7	0.224
441.8	0.26
441.9	0.286
442	0.316
442.1	0.342
442.2	0.389
442.3	0.409
442.4	0.437
442.5	0.472
442.6	0.501
442.7	0.511
442.8	0.528
442.9	0.555
443	0.56
443.1	0.598
443.2	0.617
443.3	0.638
443.4	0.656
443.5	0.691
443.6	0.704
443.7	0.701
443.8	0.715
443.9	0.744
444	0.762
444.1	0.771
444.2	0.775
444.3	0.787
444.4	0.797
444.5	0.805
444.6	0.809
444.7	0.807
444.8	0.805
444.9	0.803
445	0.803
445.1	0.798
445.2	0.799
445.3	0.791
445.4	0.783
445.5	0.762
445.6	0.756
445.7	0.751
445.8	0.734
445.9	0.711
446	0.702
446.1	0.672
446.2	0.639
446.3	0.618
446.4	0.592
446.5	0.581
446.6	0.541
446.7	0.514
446.8	0.488
446.9	0.458
447	0.425
447.1	0.392
447.2	0.367
447.3	0.327
447.4	0.293
447.5	0.267
447.6	0.229
447.7	0.209
447.8	0.179
447.9	0.13
448	0.111
448.1	0.066
448.2	0.052
448.3	0.032
448.4	-0.005
448.5	-0.036
448.6	-0.072
448.7	-0.09
448.8	-0.129
448.9	-0.151
449	-0.175
449.1	-0.198
449.2	-0.231
449.3	-0.265
449.4	-0.283
449.5	-0.301
449.6	-0.337
449.7	-0.349
449.8	-0.363
449.9	-0.384
450	-0.38
450.1	-0.402
450.2	-0.398
450.3	-0.406
450.4	-0.414
450.5	-0.414
450.6	-0.439
450.7	-0.451
450.8	-0.458
450.9	-0.463
451	-0.461
451.1	-0.47
451.2	-0.474
451.3	-0.459
451.4	-0.46
451.5	-0.456
451.6	-0.437
451.7	-0.435
451.8	-0.428
451.9	-0.406
452	-0.398
452.1	-0.377
452.2	-0.355
452.3	-0.344
452.4	-0.323
452.5	-0.304
452.6	-0.285
452.7	-0.242
452.8	-0.218
452.9	-0.178
453	-0.138
453.1	-0.111
453.2	-0.077
453.3	-0.043
453.4	-0.008
453.5	0.025
453.6	0.062
453.7	0.095
453.8	0.124
453.9	0.143
454	0.18
454.1	0.21
454.2	0.252
454.3	0.273
454.4	0.307
454.5	0.334
454.6	0.351
454.7	0.385
454.8	0.419
454.9	0.449
455	0.483
455.1	0.493
455.2	0.522
455.3	0.553
455.4	0.578
455.5	0.597
455.6	0.61
455.7	0.63
455.8	0.655
455.9	0.665
456	0.668
456.1	0.696
456.2	0.714
456.3	0.718
456.4	0.727
456.5	0.722
456.6	0.726
456.7	0.742
456.8	0.761
456.9	0.767
457	0.776
457.1	0.775
457.2	0.78
457.3	0.776
457.4	0.782
457.5	0.771
457.6	0.757
457.7	0.748
457.8	0.733
457.9	0.714
458	0.687
458.1	0.688
458.2	0.671
458.3	0.648
458.4	0.634
458.5	0.607
458.6	0.575
458.7	0.538
458.8	0.506
458.9	0.475
459	0.439
459.1	0.402
459.2	0.37
459.3	0.33
459.4	0.298
459.5	0.281
459.6	0.249
459.7	0.221
459.8	0.189
459.9	0.146
460	0.117
460.1	0.079
460.2	0.044
460.3	0.006
460.4	-0.039
460.5	-0.082
460.6	-0.121
460.7	-0.131
460.8	-0.168
460.9	-0.195
461	-0.222
461.1	-0.232
461.2	-0.271
461.3	-0.297
461.4	-0.327
461.5	-0.354
461.6	-0.4
461.7	-0.425
461.8	-0.453
461.9	-0.477
462	-0.508
462.1	-0.515
462.2	-0.529
462.3	-0.555
462.4	-0.557
462.5	-0.562
462.6	-0.581
462.7	-0.589
462.8	-0.612
462.9	-0.619
463	-0.647
463.1	-0.662
463.2	-0.652
463.3	-0.664
463.4	-0.653
463.5	-0.641
463.6	-0.634
463.7	-0.617
463.8	-0.588
463.9	-0.595
464	-0.582
464.1	-0.564
464.2	-0.538
464.3	-0.532
464.4	-0.499
464.5	-0.483
464.6	-0.439
464.7	-0.408
464.8	-0.385
464.9	-0.369
465	-0.327
465.1	-0.309
465.2	-0.271
465.3	-0.242
465.4	-0.203
465.5	-0.176
465.6	-0.153
465.7	-0.089
465.8	-0.075
465.9	-0.039
466	-0.018
466.1	0.017
466.2	0.062
466.3	0.09
466.4	0.127
466.5	0.152
466.6	0.163
466.7	0.198
466.8	0.243
466.9	0.259
467	0.303
467.1	0.342
467.2	0.381
467.3	0.403
467.4	0.433
467.5	0.459
467.6	0.485
467.7	0.499
467.8	0.541
467.9	0.552
468	0.579
468.1	0.59
468.2	0.613
468.3	0.631
468.4	0.678
468.5	0.682
468.6	0.708
468.7	0.723
468.8	0.726
468.9	0.742
469	0.752
469.1	0.754
469.2	0.745
469.3	0.74
469.4	0.76
469.5	0.766
469.6	0.757
469.7	0.758
469.8	0.73
469.9	0.729
470	0.723
470.1	0.707
470.2	0.689
470.3	0.69
470.4	0.686
470.5	0.671
470.6	0.642
470.7	0.617
470.8	0.6
470.9	0.579
471	0.559
471.1	0.545
471.2	0.516
471.3	0.467
471.4	0.454
471.5	0.418
471.6	0.385
471.7	0.347
471.8	0.317
471.9	0.268
472	0.223
472.1	0.186
472.2	0.151
472.3	0.123
472.4	0.087
472.5	0.046
472.6	-0.001
472.7	-0.014
472.8	-0.049
472.9	-0.09
473	-0.116
473.1	-0.134
473.2	-0.169
473.3	-0.194
473.4	-0.216
473.5	-0.22
473.6	-0.22
473.7	-0.247
473.8	-0.288
473.9	-0.319
474	-0.36
474.1	-0.369
474.2	-0.394
474.3	-0.41
474.4	-0.42
474.5	-0.432
474.6	-0.447
474.7	-0.468
474.8	-0.497
474.9	-0.517
475	-0.521
475.1	-0.528
475.2	-0.553
475.3	-0.564
475.4	-0.562
475.5	-0.568
475.6	-0.586
475.7	-0.579
475.8	-0.587
475.9	-0.595
476	-0.602
476.1	-0.592
476.2	-0.571
476.3	-0.556
476.4	-0.554
476.5	-0.551
476.6	-0.541
476.7	-0.507
476.8	-0.491
476.9	-0.454
477	-0.438
477.1	-0.424
477.2	-0.396
477.3	-0.381
477.4	-0.352
477.5	-0.324
477.6	-0.298
477.7	-0.264
477.8	-0.23
477.9	-0.2
478	-0.153
478.1	-0.114
478.2	-0.086
478.3	-0.049
478.4	-0.004
478.5	0.031
478.6	0.066
478.7	0.101
478.8	0.145
478.9	0.186
479	0.207
479.1	0.232
479.2	0.259
479.3	0.281
479.4	0.309
479.5	0.344
479.6	0.369
479.7	0.399
479.8	0.431
479.9	0.446
480	0.467
480.1	0.491
480.2	0.497
480.3	0.514
480.4	0.527
480.5	0.548
480.6	0.557
480.7	0.578
480.8	0.594
480.9	0.598
481	0.631
481.1	0.643
481.2	0.655
481.3	0.683
481.4	0.662
481.5	0.675
481.6	0.688
481.7	0.669
481.8	0.661
481.9	0.655
482	0.641
482.1	0.641
482.2	0.626
482.3	0.611
482.4	0.603
482.5	0.602
482.6	0.583
482.7	0.572
482.8	0.556
482.9	0.532
483	0.536
483.1	0.506
483.2	0.495
483.3	0.462
483.4	0.438
483.5	0.413
483.6	0.393
483.7	0.361
483.8	0.33
483.9	0.296
484	0.247
484.1	0.214
484.2	0.189
484.3	0.147
484.4	0.116
484.5	0.084
484.6	0.065
484.7	0.027
484.8	0.018
484.9	-0.031
485	-0.056
485.1	-0.083
485.2	-0.128
485.3	-0.154
485.4	-0.179
485.5	-0.198
485.6	-0.237
485.7	-0.268
485.8	-0.298
485.9	-0.341
486	-0.361
486.1	-0.388
486.2	-0.423
486.3	-0.467
486.4	-0.479
486.5	-0.49
486.6	-0.512
486.7	-0.554
486.8	-0.557
486.9	-0.575
487	-0.601
487.1	-0.613
487.2	-0.634
487.3	-0.648
487.4	-0.636
487.5	-0.662
487.6	-0.68
487.7	-0.664
487.8	-0.666
487.9	-0.657
488	-0.648
488.1	-0.637
488.2	-0.644
488.3	-0.646
488.4	-0.622
488.5	-0.616
488.6	-0.612
488.7	-0.61
488.8	-0.589
488.9	-0.584
489	-0.549
489.1	-0.54
489.2	-0.531
489.3	-0.504
489.4	-0.486
489.5	-0.455
489.6	-0.417
489.7	-0.379
489.8	-0.349
489.9	-0.315
490	-0.286
490.1	-0.239
490.2	-0.19
490.3	-0.16
490.4	-0.13
490.5	-0.085
490.6	-0.059
490.7	-0.01
490.8	0.034
490.9	0.058
491	0.071
491.1	0.095
491.2	0.142
491.3	0.171
491.4	0.187
491.5	0.216
491.6	0.234
491.7	0.251
491.8	0.271
491.9	0.299
492	0.323
492.1	0.355
492.2	0.393
492.3	0.411
492.4	0.461
492.5	0.483
492.6	0.509
492.7	0.543
492.8	0.555
492.9	0.57
493	0.583
493.1	0.595
493.2	0.617
493.3	0.627
493.4	0.63
493.5	0.639
493.6	0.652
493.7	0.675
493.8	0.687
493.9	0.691
494	0.7
494.1	0.702
494.2	0.704
494.3	0.716
494.4	0.703
494.5	0.702
494.6	0.688
494.7	0.69
494.8	0.667
494.9	0.672
495	0.673
495.1	0.619
495.2	0.61
495.3	0.619
495.4	0.571
495.5	0.537
495.6	0.515
495.7	0.523
495.8	0.48
495.9	0.44
496	0.429
496.1	0.368
496.2	0.342
496.3	0.319
496.4	0.295
496.5	0.281
496.6	0.226
496.7	0.176
496.8	0.153
496.9	0.089
497	0.055
497.1	0.038
497.2	0.008
497.3	-0.015
497.4	-0.045
497.5	-0.064
497.6	-0.102
497.7	-0.125
497.8	-0.158
497.9	-0.171
498	-0.222
498.1	-0.259
498.2	-0.313
498.3	-0.332
498.4	-0.353
498.5	-0.382
498.6	-0.428
498.7	-0.412
498.8	-0.445
498.9	-0.475
499	-0.493
499.1	-0.49
499.2	-0.526
499.3	-0.536
499.4	-0.568
499.5	-0.575
499.6	-0.567
499.7	-0.601
499.8	-0.623
499.9	-0.631
500	-0.658
500.1	-0.669
500.2	-0.673
500.3	-0.661
500.4	-0.652
500.5	-0.661
500.6	-0.646
500.7	-0.627
500.8	-0.639
500.9	-0.62
501	-0.602
501.1	-0.595
501.2	-0.555
501.3	-0.561
501.4	-0.529
501.5	-0.518
501.6	-0.489
501.7	-0.441
501.8	-0.435
501.9	-0.42
502	-0.382
502.1	-0.35
502.2	-0.313
502.3	-0.29
502.4	-0.287
502.5	-0.272
502.6	-0.244
502.7	-0.202
502.8	-0.186
502.9	-0.179
503	-0.157
503.1	-0.134
503.2	-0.098
503.3	-0.05
503.4	-0.034
503.5	0.004
503.6	0.026
503.7	0.055
503.8	0.076
503.9	0.106
504	0.133
504.1	0.151
504.2	0.195
504.3	0.216
504.4	0.226
504.5	0.25
504.6	0.251
504.7	0.268
504.8	0.277
504.9	0.303
505	0.329
505.1	0.348
505.2	0.358
505.3	0.366
505.4	0.388
505.5	0.394
505.6	0.423
505.7	0.445
505.8	0.455
505.9	0.464
506	0.479
506.1	0.467
506.2	0.479
506.3	0.5
506.4	0.51
506.5	0.51
506.6	0.506
506.7	0.501
506.8	0.493
506.9	0.482
507	0.482
507.1	0.471
507.2	0.465
507.3	0.453
507.4	0.46
507.5	0.449
507.6	0.419
507.7	0.406
507.8	0.387
507.9	0.351
508	0.351
508.1	0.32
508.2	0.305
508.3	0.278
508.4	0.244
508.5	0.225
508.6	0.201
508.7	0.167
508.8	0.133
508.9	0.097
509	0.064
509.1	0.038
509.2	0.008
509.3	-0.018
509.4	-0.056
509.5	-0.102
509.6	-0.112
509.7	-0.153
509.8	-0.215
509.9	-0.235
510	-0.273
510.1	-0.334
510.2	-0.341
510.3	-0.359
510.4	-0.396
510.5	-0.416
510.6	-0.452
510.7	-0.489
510.8	-0.509
510.9	-0.531
511	-0.556
511.1	-0.571
511.2	-0.59
511.3	-0.618
511.4	-0.636
511.5	-0.65
511.6	-0.653
511.7	-0.676
511.8	-0.695
511.9	-0.691
512	-0.698
512.1	-0.693
512.2	-0.693
512.3	-0.714
512.4	-0.728
512.5	-0.717
512.6	-0.704
512.7	-0.705
512.8	-0.69
512.9	-0.681
513	-0.675
513.1	-0.666
513.2	-0.635
513.3	-0.619
513.4	-0.604
513.5	-0.587
513.6	-0.564
513.7	-0.537
513.8	-0.508
513.9	-0.489
514	-0.452
514.1	-0.429
514.2	-0.408
514.3	-0.381
514.4	-0.365
514.5	-0.32
514.6	-0.307
514.7	-0.29
514.8	-0.242
514.9	-0.196
515	-0.171
515.1	-0.133
515.2	-0.075
515.3	-0.071
515.4	-0.002
515.5	0.011
515.6	0.054
515.7	0.083
515.8	0.13
515.9	0.168
516	0.188
516.1	0.243
516.2	0.253
516.3	0.271
516.4	0.274
516.5	0.301
516.6	0.327
516.7	0.355
516.8	0.391
516.9	0.427
517	0.456
517.1	0.481
517.2	0.492
517.3	0.543
517.4	0.566
517.5	0.612
517.6	0.6
517.7	0.624
517.8	0.627
517.9	0.651
518	0.642
518.1	0.691
518.2	0.689
518.3	0.716
518.4	0.732
518.5	0.754
518.6	0.749
518.7	0.771
518.8	0.765
518.9	0.757
519	0.759
519.1	0.751
519.2	0.74
519.3	0.728
519.4	0.727
519.5	0.712
519.6	0.718
519.7	0.689
519.8	0.658
519.9	0.638
520	0.627
520.1	0.638
520.2	0.615
520.3	0.612
520.4	0.61
520.5	0.541
520.6	0.501
520.7	0.474
520.8	0.466
520.9	0.454
521	0.403
521.1	0.351
521.2	0.34
521.3	0.331
521.4	0.293
521.5	0.26
521.6	0.217
521.7	0.186
521.8	0.155
521.9	0.112
522	0.117
522.1	0.092
522.2	0.042
522.3	0.002
522.4	-0.04
522.5	-0.065
522.6	-0.06
522.7	-0.116
522.8	-0.14
522.9	-0.159
523	-0.206
523.1	-0.203
523.2	-0.221
523.3	-0.236
523.4	-0.27
523.5	-0.282
523.6	-0.3
523.7	-0.301
523.8	-0.319
523.9	-0.36
524	-0.381
524.1	-0.381
524.2	-0.415
524.3	-0.404
524.4	-0.437
524.5	-0.439
524.6	-0.428
524.7	-0.416
524.8	-0.446
524.9	-0.435
525	-0.429
525.1	-0.441
525.2	-0.455
525.3	-0.442
525.4	-0.447
525.5	-0.449
525.6	-0.409
525.7	-0.417
525.8	-0.393
525.9	-0.371
526	-0.373
526.1	-0.354
526.2	-0.355
526.3	-0.322
526.4	-0.314
526.5	-0.302
526.6	-0.292
526.7	-0.251
526.8	-0.242
526.9	-0.211
527	-0.206
527.1	-0.173
527.2	-0.131
527.3	-0.144
527.4	-0.104
527.5	-0.076
527.6	-0.049
527.7	-0.011
527.8	0.031
527.9	0.048
528	0.077
528.1	0.088
528.2	0.109
528.3	0.126
528.4	0.146
528.5	0.176
528.6	0.174
528.7	0.214
528.8	0.244
528.9	0.274
529	0.303
529.1	0.296
529.2	0.34
529.3	0.352
529.4	0.338
529.5	0.383
529.6	0.402
529.7	0.43
529.8	0.459
529.9	0.498
530	0.53
530.1	0.544
530.2	0.6
530.3	0.634
530.4	0.637
530.5	0.646
530.6	0.67
530.7	0.686
530.8	0.672
530.9	0.705
531	0.719
531.1	0.711
531.2	0.726
531.3	0.736
531.4	0.734
531.5	0.729
531.6	0.707
531.7	0.678
531.8	0.698
531.9	0.692
532	0.696
532.1	0.661
532.2	0.637
532.3	0.622
532.4	0.601
532.5	0.559
532.6	0.545
532.7	0.513
532.8	0.513
532.9	0.488
533	0.467
533.1	0.45
533.2	0.421
533.3	0.376
533.4	0.328
533.5	0.288
533.6	0.246
533.7	0.215
533.8	0.196
533.9	0.168
534	0.141
534.1	0.119
534.2	0.085
534.3	0.061
534.4	0.026
534.5	0.03
534.6	-0.019
534.7	-0.053
534.8	-0.071
534.9	-0.098
535	-0.122
535.1	-0.155
535.2	-0.179
535.3	-0.203
535.4	-0.238
535.5	-0.278
535.6	-0.283
535.7	-0.316
535.8	-0.32
535.9	-0.341
536	-0.366
536.1	-0.367
536.2	-0.387
536.3	-0.393
536.4	-0.394
536.5	-0.408
536.6	-0.425
536.7	-0.426
536.8	-0.426
536.9	-0.451
537	-0.475
537.1	-0.467
537.2	-0.463
537.3	-0.451
537.4	-0.438
537.5	-0.431
537.6	-0.429
537.7	-0.418
537.8	-0.403
537.9	-0.411
538	-0.412
538.1	-0.392
538.2	-0.372
538.3	-0.361
538.4	-0.359
538.5	-0.351
538.6	-0.331
538.7	-0.299
538.8	-0.277
538.9	-0.265
539	-0.248
539.1	-0.241
539.2	-0.192
539.3	-0.176
539.4	-0.151
539.5	-0.117
539.6	-0.091
539.7	-0.052
539.8	-0.016
539.9	-0.003
540	0.006
540.1	0.042
540.2	0.09
540.3	0.105
540.4	0.154
540.5	0.184
540.6	0.203
540.7	0.23
540.8	0.275
540.9	0.304
541	0.348
541.1	0.408
541.2	0.411
541.3	0.422
541.4	0.463
541.5	0.508
541.6	0.535
541.7	0.573
541.8	0.596
541.9	0.616
542	0.648
542.1	0.667
542.2	0.683
542.3	0.722
542.4	0.744
542.5	0.75
542.6	0.764
542.7	0.784
542.8	0.816
542.9	0.822
543	0.824
543.1	0.821
543.2	0.845
543.3	0.847
543.4	0.859
543.5	0.853
543.6	0.863
543.7	0.855
543.8	0.869
543.9	0.856
544	0.86
544.1	0.87
544.2	0.867
544.3	0.853
544.4	0.842
544.5	0.834
544.6	0.834
544.7	0.804
544.8	0.778
544.9	0.758
545	0.739
545.1	0.698
545.2	0.673
545.3	0.643
545.4	0.635
545.5	0.604
545.6	0.583
545.7	0.553
545.8	0.506
545.9	0.482
546	0.451
546.1	0.408
546.2	0.389
546.3	0.375
546.4	0.33
546.5	0.318
546.6	0.277
546.7	0.236
546.8	0.217
546.9	0.185
547	0.164
547.1	0.133
547.2	0.116
547.3	0.082
547.4	0.045
547.5	0.011
547.6	0.003
547.7	-0.021
547.8	-0.063
547.9	-0.062
548	-0.095
548.1	-0.122
548.2	-0.141
548.3	-0.161
548.4	-0.19
548.5	-0.184
548.6	-0.196
548.7	-0.207
548.8	-0.234
548.9	-0.236
549	-0.254
549.1	-0.256
549.2	-0.267
549.3	-0.275
549.4	-0.285
549.5	-0.294
549.6	-0.298
549.7	-0.305
549.8	-0.318
549.9	-0.325
550	-0.339
550.1	-0.337
550.2	-0.346
550.3	-0.333
550.4	-0.34
550.5	-0.335
550.6	-0.331
550.7	-0.329
550.8	-0.325
550.9	-0.332
551	-0.309
551.1	-0.293
551.2	-0.27
551.3	-0.27
551.4	-0.254
551.5	-0.245
551.6	-0.228
551.7	-0.196
551.8	-0.179
551.9	-0.176
552	-0.161
552.1	-0.145
552.2	-0.123
552.3	-0.092
552.4	-0.091
552.5	-0.075
552.6	-0.047
552.7	-0.021
552.8	0.005
552.9	0.033
553	0.046
553.1	0.069
553.2	0.09
553.3	0.116
553.4	0.153
553.5	0.177
553.6	0.196
553.7	0.216
553.8	0.243
553.9	0.252
554	0.276
554.1	0.293
554.2	0.29
554.3	0.322
554.4	0.339
554.5	0.367
554.6	0.376
554.7	0.406
554.8	0.431
554.9	0.446
555	0.475
555.1	0.494
555.2	0.528
555.3	0.536
555.4	0.556
555.5	0.556
555.6	0.57
555.7	0.584
555.8	0.599
555.9	0.595
556	0.611
556.1	0.611
556.2	0.616
556.3	0.609
556.4	0.606
556.5	0.609
556.6	0.603
556.7	0.593
556.8	0.58
556.9	0.562
557	0.55
557.1	0.55
557.2	0.536
557.3	0.513
557.4	0.498
557.5	0.473
557.6	0.444
557.7	0.42
557.8	0.402
557.9	0.369
558	0.352
558.1	0.305
558.2	0.278
558.3	0.248
558.4	0.221
558.5	0.192
558.6	0.16
558.7	0.141
558.8	0.108
558.9	0.082
559	0.045
559.1	0.028
559.2	0.007
559.3	-0.013
559.4	-0.038
559.5	-0.055
559.6	-0.085
559.7	-0.117
559.8	-0.17
559.9	-0.187
560	-0.206
560.1	-0.232
560.2	-0.254
560.3	-0.276
560.4	-0.287
560.5	-0.316
560.6	-0.344
560.7	-0.368
560.8	-0.382
560.9	-0.399
561	-0.414
561.1	-0.427
561.2	-0.437
561.3	-0.465
561.4	-0.472
561.5	-0.493
561.6	-0.499
561.7	-0.501
561.8	-0.503
561.9	-0.522
562	-0.526
562.1	-0.532
562.2	-0.54
562.3	-0.543
562.4	-0.554
562.5	-0.538
562.6	-0.539
562.7	-0.522
562.8	-0.523
562.9	-0.505
563	-0.489
563.1	-0.47
563.2	-0.468
563.3	-0.46
563.4	-0.447
563.5	-0.422
563.6	-0.401
563.7	-0.385
563.8	-0.373
563.9	-0.323
564	-0.304
564.1	-0.293
564.2	-0.246
564.3	-0.221
564.4	-0.186
564.5	-0.158
564.6	-0.124
564.7	-0.088
564.8	-0.046
564.9	-0.019
565	0.023
565.1	0.042
565.2	0.072
565.3	0.09
565.4	0.122
565.5	0.164
565.6	0.197
565.7	0.221
565.8	0.26
565.9	0.282
566	0.311
566.1	0.336
566.2	0.361
566.3	0.387
566.4	0.424
566.5	0.444
566.6	0.483
566.7	0.504
566.8	0.521
566.9	0.533
567	0.553
567.1	0.575
567.2	0.592
567.3	0.63
567.4	0.646
567.5	0.651
567.6	0.661
567.7	0.672
567.8	0.697
567.9	0.707
568	0.712
568.1	0.73
568.2	0.732
568.3	0.733
568.4	0.724
568.5	0.729
568.6	0.731
568.7	0.714
568.8	0.731
568.9	0.736
569	0.723
569.1	0.715
569.2	0.711
569.3	0.7
569.4	0.695
569.5	0.684
569.6	0.681
569.7	0.67
569.8	0.641
569.9	0.614
570	0.584
570.1	0.573
570.2	0.566
570.3	0.538
570.4	0.496
570.5	0.474
570.6	0.427
570.7	0.425
570.8	0.4
570.9	0.38
571	0.351
571.1	0.324
571.2	0.304
571.3	0.284
571.4	0.262
571.5	0.237
571.6	0.2
571.7	0.172
571.8	0.148
571.9	0.126
572	0.097
572.1	0.069
572.2	0.048
572.3	0.016
572.4	-0.002
572.5	-0.028
572.6	-0.039
572.7	-0.071
572.8	-0.09
572.9	-0.105
573	-0.126
573.1	-0.147
573.2	-0.17
573.3	-0.188
573.4	-0.197
573.5	-0.224
573.6	-0.24
573.7	-0.248
573.8	-0.273
573.9	-0.291
574	-0.314
574.1	-0.321
574.2	-0.338
574.3	-0.347
574.4	-0.353
574.5	-0.358
574.6	-0.378
574.7	-0.372
574.8	-0.374
574.9	-0.385
575	-0.386
575.1	-0.39
575.2	-0.378
575.3	-0.4
575.4	-0.399
575.5	-0.395
575.6	-0.398
575.7	-0.389
575.8	-0.393
575.9	-0.386
576	-0.37
576.1	-0.353
576.2	-0.361
576.3	-0.344
576.4	-0.323
576.5	-0.319
576.6	-0.309
576.7	-0.292
576.8	-0.28
576.9	-0.266
577	-0.25
577.1	-0.232
577.2	-0.199
577.3	-0.171
577.4	-0.155
577.5	-0.132
577.6	-0.113
577.7	-0.093
577.8	-0.075
577.9	-0.049
578	-0.02
578.1	0.011
578.2	0.018
578.3	0.042
578.4	0.067
578.5	0.076
578.6	0.114
578.7	0.134
578.8	0.161
578.9	0.2
579	0.209
579.1	0.236
579.2	0.252
579.3	0.288
579.4	0.321
579.5	0.335
579.6	0.362
579.7	0.377
579.8	0.408
579.9	0.428
580	0.452
580.1	0.453
580.2	0.46
580.3	0.46
580.4	0.468
580.5	0.477
580.6	0.486
580.7	0.485
580.8	0.49
580.9	0.495
581	0.499
581.1	0.505
581.2	0.508
581.3	0.504
581.4	0.508
581.5	0.499
581.6	0.498
581.7	0.484
581.8	0.467
581.9	0.461
582	0.425
582.1	0.408
582.2	0.393
582.3	0.38
582.4	0.353
582.5	0.334
582.6	0.307
582.7	0.287
582.8	0.27
582.9	0.233
583	0.217
583.1	0.206
583.2	0.183
583.3	0.161
583.4	0.128
583.5	0.105
583.6	0.07
583.7	0.053
583.8	0.029
583.9	0.002
584	-0.028
584.1	-0.048
584.2	-0.079
584.3	-0.094
584.4	-0.106
584.5	-0.138
584.6	-0.166
584.7	-0.18
584.8	-0.2
584.9	-0.214
585	-0.247
585.1	-0.259
585.2	-0.281
585.3	-0.305
585.4	-0.322
585.5	-0.359
585.6	-0.359
585.7	-0.392
585.8	-0.409
585.9	-0.427
586	-0.448
586.1	-0.462
586.2	-0.479
586.3	-0.503
586.4	-0.503
586.5	-0.537
586.6	-0.542
586.7	-0.558
586.8	-0.548
586.9	-0.556
587	-0.563
587.1	-0.584
587.2	-0.599
587.3	-0.59
587.4	-0.585
587.5	-0.576
587.6	-0.572
587.7	-0.57
587.8	-0.549
587.9	-0.533
588	-0.534
588.1	-0.508
588.2	-0.492
588.3	-0.476
588.4	-0.469
588.5	-0.44
588.6	-0.417
588.7	-0.408
588.8	-0.396
588.9	-0.381
589	-0.371
589.1	-0.327
589.2	-0.299
589.3	-0.274
589.4	-0.241
589.5	-0.221
589.6	-0.176
589.7	-0.142
589.8	-0.102
589.9	-0.076
590	-0.039
590.1	0.002
590.2	0.022
590.3	0.044
590.4	0.068
590.5	0.093
590.6	0.125
590.7	0.16
590.8	0.197
590.9	0.231
591	0.25
591.1	0.278
591.2	0.303
591.3	0.342
591.4	0.373
591.5	0.391
591.6	0.411
591.7	0.444
591.8	0.466
591.9	0.493
592	0.516
592.1	0.541
592.2	0.562
592.3	0.595
592.4	0.592
592.5	0.61
592.6	0.636
592.7	0.663
592.8	0.683
592.9	0.692
593	0.701
593.1	0.7
593.2	0.71
593.3	0.732
593.4	0.73
593.5	0.722
593.6	0.717
593.7	0.722
593.8	0.714
593.9	0.704
594	0.704
594.1	0.697
594.2	0.695
594.3	0.68
594.4	0.672
594.5	0.675
594.6	0.664
594.7	0.641
594.8	0.616
594.9	0.592
595	0.573
595.1	0.541
595.2	0.514
595.3	0.498
595.4	0.464
595.5	0.436
595.6	0.415
595.7	0.381
595.8	0.374
595.9	0.367
596	0.336
596.1	0.315
596.2	0.291
596.3	0.274
596.4	0.245
596.5	0.201
596.6	0.184
596.7	0.148
596.8	0.128
596.9	0.105
597	0.085
597.1	0.06
597.2	0.041
597.3	0.02
597.4	-0.019
597.5	-0.039
597.6	-0.05
597.7	-0.075
597.8	-0.111
597.9	-0.115
598	-0.133
598.1	-0.15
598.2	-0.177
598.3	-0.197
598.4	-0.228
598.5	-0.249
598.6	-0.268
598.7	-0.282
598.8	-0.295
598.9	-0.308
599	-0.323
599.1	-0.329
599.2	-0.344
599.3	-0.371
599.4	-0.381
599.5	-0.408
599.6	-0.418
599.7	-0.419
599.8	-0.426
599.9	-0.424
600	-0.441
600.1	-0.455
600.2	-0.447
600.3	-0.442
600.4	-0.445
600.5	-0.448
600.6	-0.439
600.7	-0.443
600.8	-0.431
600.9	-0.413
601	-0.409
601.1	-0.404
601.2	-0.39
601.3	-0.367
601.4	-0.366
601.5	-0.35
601.6	-0.337
601.7	-0.324
601.8	-0.302
601.9	-0.273
602	-0.246
602.1	-0.222
602.2	-0.204
602.3	-0.195
602.4	-0.168
602.5	-0.151
602.6	-0.122
602.7	-0.111
602.8	-0.091
602.9	-0.058
603	-0.024
603.1	-0.004
603.2	0.02
603.3	0.035
603.4	0.055
603.5	0.084
603.6	0.112
603.7	0.14
603.8	0.179
603.9	0.193
604	0.223
604.1	0.247
604.2	0.268
604.3	0.289
604.4	0.316
604.5	0.328
604.6	0.352
604.7	0.365
604.8	0.373
604.9	0.388
605	0.401
605.1	0.433
605.2	0.434
605.3	0.443
605.4	0.464
605.5	0.464
605.6	0.468
605.7	0.469
605.8	0.482
605.9	0.483
606	0.503
606.1	0.495
606.2	0.487
606.3	0.486
606.4	0.483
606.5	0.475
606.6	0.45
606.7	0.446
606.8	0.44
606.9	0.437
607	0.429
607.1	0.42
607.2	0.407
607.3	0.388
607.4	0.368
607.5	0.362
607.6	0.348
607.7	0.335
607.8	0.32
607.9	0.291
608	0.282
608.1	0.257
608.2	0.227
608.3	0.221
608.4	0.2
608.5	0.158
608.6	0.153
608.7	0.137
608.8	0.122
608.9	0.111
609	0.085
609.1	0.058
609.2	0.041
609.3	-0.003
609.4	-0.032
609.5	-0.06
609.6	-0.08
609.7	-0.112
609.8	-0.134
609.9	-0.162
610	-0.212
610.1	-0.236
610.2	-0.259
610.3	-0.286
610.4	-0.287
610.5	-0.318
610.6	-0.334
610.7	-0.372
610.8	-0.386
610.9	-0.403
611	-0.429
611.1	-0.468
611.2	-0.481
611.3	-0.495
611.4	-0.499
611.5	-0.506
611.6	-0.52
611.7	-0.538
611.8	-0.54
611.9	-0.542
612	-0.563
612.1	-0.578
612.2	-0.589
612.3	-0.601
612.4	-0.592
612.5	-0.582
612.6	-0.578
612.7	-0.579
612.8	-0.569
612.9	-0.563
613	-0.546
613.1	-0.533
613.2	-0.507
613.3	-0.489
613.4	-0.476
613.5	-0.456
613.6	-0.444
613.7	-0.415
613.8	-0.397
613.9	-0.376
614	-0.348
614.1	-0.313
614.2	-0.28
614.3	-0.249
614.4	-0.234
614.5	-0.217
614.6	-0.183
614.7	-0.149
614.8	-0.117
614.9	-0.083
615	-0.052
615.1	-0.027
615.2	-0.004
615.3	0.023
615.4	0.061
615.5	0.117
615.6	0.149
615.7	0.176
615.8	0.211
615.9	0.233
616	0.256
616.1	0.289
616.2	0.32
616.3	0.356
616.4	0.37
616.5	0.396
616.6	0.434
616.7	0.47
616.8	0.484
616.9	0.502
617	0.53
617.1	0.532
617.2	0.562
617.3	0.575
617.4	0.587
617.5	0.61
617.6	0.631
617.7	0.636
617.8	0.658
617.9	0.669
618	0.687
618.1	0.706
618.2	0.733
618.3	0.738
618.4	0.745
618.5	0.735
618.6	0.727
618.7	0.742
618.8	0.748
618.9	0.728
619	0.727
619.1	0.709
619.2	0.701
619.3	0.682
619.4	0.664
619.5	0.637
619.6	0.637
619.7	0.627
619.8	0.606
619.9	0.588
620	0.579
620.1	0.57
620.2	0.552
620.3	0.531
620.4	0.513
620.5	0.509
620.6	0.484
620.7	0.479
620.8	0.448
620.9	0.438
621	0.408
621.1	0.369
621.2	0.338
621.3	0.307
621.4	0.286
621.5	0.259
621.6	0.224
621.7	0.207
621.8	0.183
621.9	0.16
622	0.133
622.1	0.103
622.2	0.087
622.3	0.06
622.4	0.037
622.5	0.014
622.6	0.007
622.7	-0.015
622.8	-0.052
622.9	-0.087
623	-0.104
623.1	-0.129
623.2	-0.144
623.3	-0.188
623.4	-0.204
623.5	-0.234
623.6	-0.262
623.7	-0.292
623.8	-0.325
623.9	-0.343
624	-0.36
624.1	-0.375
624.2	-0.397
624.3	-0.414
624.4	-0.436
624.5	-0.458
624.6	-0.468
624.7	-0.474
624.8	-0.49
624.9	-0.489
625	-0.498
625.1	-0.533
625.2	-0.53
625.3	-0.534
625.4	-0.548
625.5	-0.534
625.6	-0.537
625.7	-0.527
625.8	-0.551
625.9	-0.541
626	-0.539
626.1	-0.524
626.2	-0.516
626.3	-0.5
626.4	-0.481
626.5	-0.462
626.6	-0.445
626.7	-0.429
626.8	-0.411
626.9	-0.393
627	-0.369
627.1	-0.332
627.2	-0.317
627.3	-0.302
627.4	-0.281
627.5	-0.244
627.6	-0.213
627.7	-0.176
627.8	-0.159
627.9	-0.112
628	-0.074
628.1	-0.061
628.2	-0.04
628.3	0.003
628.4	0.033
628.5	0.063
628.6	0.086
628.7	0.109
628.8	0.136
628.9	0.157
629	0.188
629.1	0.217
629.2	0.233
629.3	0.258
629.4	0.295
629.5	0.333
629.6	0.353
629.7	0.364
629.8	0.377
629.9	0.399
630	0.42
630.1	0.434
630.2	0.444
630.3	0.458
630.4	0.465
630.5	0.465
630.6	0.478
630.7	0.475
630.8	0.491
630.9	0.483
631	0.495
631.1	0.484
631.2	0.483
631.3	0.482
631.4	0.477
631.5	0.474
631.6	0.474
631.7	0.463
631.8	0.464
631.9	0.448
632	0.451
632.1	0.458
632.2	0.438
632.3	0.395
632.4	0.386
632.5	0.373
632.6	0.346
632.7	0.333
632.8	0.323
632.9	0.291
633	0.251
633.1	0.247
633.2	0.22
633.3	0.192
633.4	0.173
633.5	0.152
633.6	0.113
633.7	0.09
633.8	0.062
633.9	0.057
634	0.028
634.1	-0.009
634.2	-0.052
634.3	-0.034
634.4	-0.054
634.5	-0.086
634.6	-0.105
634.7	-0.133
634.8	-0.173
634.9	-0.194
635	-0.226
635.1	-0.259
635.2	-0.289
635.3	-0.327
635.4	-0.333
635.5	-0.363
635.6	-0.371
635.7	-0.401
635.8	-0.409
635.9	-0.442
636	-0.451
636.1	-0.465
636.2	-0.486
636.3	-0.496
636.4	-0.506
636.5	-0.523
636.6	-0.546
636.7	-0.574
636.8	-0.589
636.9	-0.608
637	-0.618
637.1	-0.62
637.2	-0.632
637.3	-0.642
637.4	-0.653
637.5	-0.659
637.6	-0.666
637.7	-0.679
637.8	-0.673
637.9	-0.671
638	-0.65
638.1	-0.647
638.2	-0.624
638.3	-0.628
638.4	-0.594
638.5	-0.582
638.6	-0.57
638.7	-0.549
638.8	-0.513
638.9	-0.495
639	-0.475
639.1	-0.451
639.2	-0.431
639.3	-0.406
639.4	-0.374
639.5	-0.36
639.6	-0.325
639.7	-0.289
639.8	-0.247
639.9	-0.215
640	-0.169
640.1	-0.132
640.2	-0.091
640.3	-0.06
640.4	-0.032
640.5	-0.002
640.6	0.041
640.7	0.098
640.8	0.15
640.9	0.186
641	0.218
641.1	0.254
641.2	0.292
641.3	0.319
641.4	0.356
641.5	0.389
641.6	0.415
641.7	0.447
641.8	0.482
641.9	0.511
642	0.528
642.1	0.557
642.2	0.572
642.3	0.599
642.4	0.62
642.5	0.641
642.6	0.649
642.7	0.648
642.8	0.68
642.9	0.689
643	0.702
643.1	0.715
643.2	0.735
643.3	0.754
643.4	0.749
643.5	0.762
643.6	0.756
643.7	0.757
643.8	0.753
643.9	0.77
644	0.763
644.1	0.754
644.2	0.745
644.3	0.737
644.4	0.725
644.5	0.709
644.6	0.687
644.7	0.687
644.8	0.665
644.9	0.665
645	0.644
645.1	0.631
645.2	0.617
645.3	0.604
645.4	0.569
645.5	0.559
645.6	0.553
645.7	0.536
645.8	0.526
645.9	0.492
646	0.465
646.1	0.439
646.2	0.409
646.3	0.381
646.4	0.353
646.5	0.328
646.6	0.295
646.7	0.274
646.8	0.24
646.9	0.22
647	0.171
647.1	0.143
647.2	0.136
647.3	0.091
647.4	0.058
647.5	0.02
647.6	-0.008
647.7	-0.041
647.8	-0.075
647.9	-0.104
648	-0.135
648.1	-0.139
648.2	-0.178
648.3	-0.21
648.4	-0.227
648.5	-0.262
648.6	-0.289
648.7	-0.329
648.8	-0.344
648.9	-0.384
649	-0.402
649.1	-0.435
649.2	-0.462
649.3	-0.486
649.4	-0.496
649.5	-0.512
649.6	-0.533
649.7	-0.534
649.8	-0.558
649.9	-0.561
650	-0.568
650.1	-0.604
650.2	-0.634
650.3	-0.625
650.4	-0.63
650.5	-0.652
650.6	-0.636
650.7	-0.629
650.8	-0.621
650.9	-0.608
651	-0.608
651.1	-0.596
651.2	-0.584
651.3	-0.564
651.4	-0.542
651.5	-0.506
651.6	-0.492
651.7	-0.474
651.8	-0.44
651.9	-0.418
652	-0.395
652.1	-0.372
652.2	-0.332
652.3	-0.303
652.4	-0.277
652.5	-0.253
652.6	-0.231
652.7	-0.175
652.8	-0.141
652.9	-0.113
653	-0.086
653.1	-0.054
653.2	-0.009
653.3	0.032
653.4	0.056
653.5	0.087
653.6	0.107
653.7	0.137
653.8	0.177
653.9	0.207
654	0.224
654.1	0.251
654.2	0.279
654.3	0.298
654.4	0.321
654.5	0.346
654.6	0.385
654.7	0.388
654.8	0.417
654.9	0.441
655	0.448
655.1	0.47
655.2	0.5
655.3	0.51
655.4	0.537
655.5	0.539
655.6	0.568
655.7	0.574
655.8	0.591
655.9	0.6
656	0.617
656.1	0.623
656.2	0.628
656.3	0.624
656.4	0.623
656.5	0.633
656.6	0.635
656.7	0.627
656.8	0.621
656.9	0.622
657	0.61
657.1	0.599
657.2	0.599
657.3	0.575
657.4	0.572
657.5	0.543
657.6	0.528
657.7	0.495
657.8	0.472
657.9	0.431
658	0.403
658.1	0.349
658.2	0.316
658.3	0.276
658.4	0.228
658.5	0.192
658.6	0.139
658.7	0.099
658.8	0.045
658.9	0.003
659	-0.048
659.1	-0.088
659.2	-0.128
659.3	-0.162
659.4	-0.198
659.5	-0.23
659.6	-0.255
659.7	-0.284
659.8	-0.305
659.9	-0.333
660	-0.355
660.1	-0.371
660.2	-0.383
660.3	-0.397
660.4	-0.415
660.5	-0.434
660.6	-0.448
660.7	-0.461
660.8	-0.473
660.9	-0.485
661	-0.497
661.1	-0.509
661.2	-0.52
661.3	-0.53
661.4	-0.539
661.5	-0.547
661.6	-0.555
661.7	-0.562
661.8	-0.568
661.9	-0.574
662	-0.581
662.1	-0.585
662.2	-0.615
662.3	-0.62
662.4	-0.633
662.5	-0.642
662.6	-0.631
662.7	-0.639
662.8	-0.632
662.9	-0.622
663	-0.614
663.1	-0.606
663.2	-0.598
663.3	-0.586
663.4	-0.592
663.5	-0.557
663.6	-0.53
663.7	-0.517
663.8	-0.487
663.9	-0.457
664	-0.441
664.1	-0.401
664.2	-0.379
664.3	-0.343
664.4	-0.308
664.5	-0.284
664.6	-0.252
664.7	-0.213
664.8	-0.172
664.9	-0.14
665	-0.109
665.1	-0.071
665.2	-0.027
665.3	0.008
665.4	0.046
665.5	0.082
665.6	0.117
665.7	0.142
665.8	0.193
665.9	0.223
666	0.251
666.1	0.29
666.2	0.327
666.3	0.352
666.4	0.39
666.5	0.424
666.6	0.454
666.7	0.467
666.8	0.505
666.9	0.524
667	0.555
667.1	0.587
667.2	0.596
667.3	0.602
667.4	0.639
667.5	0.661
667.6	0.672
667.7	0.681
667.8	0.701
667.9	0.727
668	0.738
668.1	0.75
668.2	0.766
668.3	0.776
668.4	0.791
668.5	0.794
668.6	0.813
668.7	0.818
668.8	0.834
668.9	0.838
669	0.848
669.1	0.851
669.2	0.845
669.3	0.844
669.4	0.836
669.5	0.833
669.6	0.821
669.7	0.808
669.8	0.796
669.9	0.785
670	0.766
670.1	0.759
670.2	0.732
670.3	0.716
670.4	0.699
670.5	0.684
670.6	0.654
670.7	0.633
670.8	0.608
670.9	0.585
671	0.555
671.1	0.53
671.2	0.492
671.3	0.464
671.4	0.437
671.5	0.413
671.6	0.376
671.7	0.336
671.8	0.3
671.9	0.263
672	0.216
672.1	0.185
672.2	0.153
672.3	0.126
672.4	0.09
672.5	0.044
672.6	-0.003
672.7	-0.045
672.8	-0.081
672.9	-0.108
673	-0.134
673.1	-0.169
673.2	-0.207
673.3	-0.245
673.4	-0.292
673.5	-0.32
673.6	-0.356
673.7	-0.396
673.8	-0.412
673.9	-0.425
674	-0.452
674.1	-0.482
674.2	-0.518
674.3	-0.528
674.4	-0.556
674.5	-0.599
674.6	-0.609
674.7	-0.617
674.8	-0.633
674.9	-0.641
675	-0.647
675.1	-0.666
675.2	-0.664
675.3	-0.673
675.4	-0.668
675.5	-0.667
675.6	-0.657
675.7	-0.64
675.8	-0.638
675.9	-0.643
676	-0.615
676.1	-0.596
676.2	-0.587
676.3	-0.568
676.4	-0.547
676.5	-0.517
676.6	-0.505
676.7	-0.464
676.8	-0.443
676.9	-0.414
677	-0.388
677.1	-0.369
677.2	-0.329
677.3	-0.297
677.4	-0.262
677.5	-0.226
677.6	-0.204
677.7	-0.163
677.8	-0.136
677.9	-0.108
678	-0.058
678.1	-0.022
678.2	0.011
678.3	0.039
678.4	0.074
678.5	0.112
678.6	0.127
678.7	0.145
678.8	0.194
678.9	0.233
679	0.27
679.1	0.309
679.2	0.341
679.3	0.375
679.4	0.403
679.5	0.422
679.6	0.456
679.7	0.475
679.8	0.502
679.9	0.524
680	0.543
680.1	0.56
680.2	0.592
680.3	0.616
680.4	0.638
680.5	0.66
680.6	0.663
680.7	0.675
680.8	0.685
680.9	0.706
681	0.712
681.1	0.725
681.2	0.718
681.3	0.731
681.4	0.722
681.5	0.726
681.6	0.72
681.7	0.721
681.8	0.717
681.9	0.72
682	0.701
682.1	0.68
682.2	0.67
682.3	0.654
682.4	0.644
682.5	0.616
682.6	0.585
682.7	0.559
682.8	0.543
682.9	0.512
683	0.489
683.1	0.468
683.2	0.442
683.3	0.428
683.4	0.387
683.5	0.344
683.6	0.338
683.7	0.291
683.8	0.257
683.9	0.219
684	0.194
684.1	0.167
684.2	0.135
684.3	0.103
684.4	0.057
684.5	0.015
684.6	-0.013
684.7	-0.05
684.8	-0.087
684.9	-0.101
685	-0.141
685.1	-0.171
685.2	-0.193
685.3	-0.228
685.4	-0.275
685.5	-0.3
685.6	-0.331
685.7	-0.374
685.8	-0.399
685.9	-0.427
686	-0.472
686.1	-0.498
686.2	-0.533
686.3	-0.545
686.4	-0.562
686.5	-0.592
686.6	-0.617
686.7	-0.641
686.8	-0.657
686.9	-0.678
687	-0.685
687.1	-0.703
687.2	-0.7
687.3	-0.703
687.4	-0.729
687.5	-0.743
687.6	-0.751
687.7	-0.754
687.8	-0.762
687.9	-0.747
688	-0.746
688.1	-0.735
688.2	-0.714
688.3	-0.709
688.4	-0.698
688.5	-0.68
688.6	-0.652
688.7	-0.628
688.8	-0.59
688.9	-0.573
689	-0.542
689.1	-0.49
689.2	-0.468
689.3	-0.425
689.4	-0.397
689.5	-0.369
689.6	-0.33
689.7	-0.295
689.8	-0.242
689.9	-0.202
690	-0.164
690.1	-0.123
690.2	-0.066
690.3	-0.034
690.4	0.011
690.5	0.049
690.6	0.086
690.7	0.119
690.8	0.164
690.9	0.201
691	0.222
691.1	0.267
691.2	0.287
691.3	0.344
691.4	0.386
691.5	0.409
691.6	0.442
691.7	0.479
691.8	0.535
691.9	0.549
692	0.573
692.1	0.616
692.2	0.64
692.3	0.671
692.4	0.672
692.5	0.707
692.6	0.736
692.7	0.765
692.8	0.792
692.9	0.8
693	0.818
693.1	0.849
693.2	0.849
693.3	0.877
693.4	0.886
693.5	0.899
693.6	0.906
693.7	0.913
693.8	0.93
693.9	0.926
694	0.915
694.1	0.924
694.2	0.918
694.3	0.911
694.4	0.892
694.5	0.879
694.6	0.88
694.7	0.845
694.8	0.842
694.9	0.821
695	0.791
695.1	0.776
695.2	0.746
695.3	0.725
695.4	0.706
695.5	0.671
695.6	0.631
695.7	0.597
695.8	0.554
695.9	0.529
696	0.489
696.1	0.448
696.2	0.427
696.3	0.395
696.4	0.345
696.5	0.316
696.6	0.27
696.7	0.243
696.8	0.205
696.9	0.173
697	0.133
697.1	0.114
697.2	0.07
697.3	0.018
697.4	-0.002
697.5	-0.045
697.6	-0.094
697.7	-0.124
697.8	-0.169
697.9	-0.176
698	-0.218
698.1	-0.264
698.2	-0.303
698.3	-0.325
698.4	-0.368
698.5	-0.384
698.6	-0.425
698.7	-0.454
698.8	-0.462
698.9	-0.502
699	-0.517
699.1	-0.546
699.2	-0.573
699.3	-0.577
699.4	-0.588
699.5	-0.619
699.6	-0.616
699.7	-0.639
699.8	-0.644
699.9	-0.655
700	-0.67
700.1	-0.691
700.2	-0.687
700.3	-0.673
700.4	-0.678
700.5	-0.677
700.6	-0.666
700.7	-0.663
700.8	-0.652
700.9	-0.632
701	-0.615
701.1	-0.603
701.2	-0.581
701.3	-0.558
701.4	-0.541
701.5	-0.516
701.6	-0.503
701.7	-0.469
701.8	-0.444
701.9	-0.413
702	-0.369
702.1	-0.345
702.2	-0.314
702.3	-0.267
702.4	-0.249
702.5	-0.207
702.6	-0.176
702.7	-0.148
702.8	-0.104
702.9	-0.066
703	-0.042
703.1	0.002
703.2	0.036
703.3	0.099
703.4	0.136
703.5	0.181
703.6	0.217
703.7	0.254
703.8	0.295
703.9	0.327
704	0.374
704.1	0.411
704.2	0.446
704.3	0.465
704.4	0.491
704.5	0.526
704.6	0.568
704.7	0.593
704.8	0.616
704.9	0.657
705	0.672
705.1	0.708
705.2	0.729
705.3	0.747
705.4	0.76
705.5	0.791
705.6	0.81
705.7	0.818
705.8	0.843
705.9	0.843
706	0.843
706.1	0.859
706.2	0.855
706.3	0.845
706.4	0.863
706.5	0.855
706.6	0.865
706.7	0.851
706.8	0.828
706.9	0.8
707	0.79
707.1	0.781
707.2	0.771
707.3	0.739
707.4	0.729
707.5	0.69
707.6	0.667
707.7	0.648
707.8	0.62
707.9	0.589
708	0.578
708.1	0.536
708.2	0.501
708.3	0.469
708.4	0.437
708.5	0.403
708.6	0.373
708.7	0.334
708.8	0.302
708.9	0.26
709	0.225
709.1	0.19
709.2	0.154
709.3	0.109
709.4	0.079
709.5	0.046
709.6	-0.006
709.7	-0.024
709.8	-0.062
709.9	-0.097
710	-0.145
710.1	-0.176
710.2	-0.223
710.3	-0.245
710.4	-0.277
710.5	-0.314
710.6	-0.339
710.7	-0.383
710.8	-0.43
710.9	-0.444
711	-0.492
711.1	-0.517
711.2	-0.536
711.3	-0.556
711.4	-0.573
711.5	-0.599
711.6	-0.641
711.7	-0.663
711.8	-0.679
711.9	-0.702
712	-0.732
712.1	-0.749
712.2	-0.767
712.3	-0.769
712.4	-0.771
712.5	-0.79
712.6	-0.783
712.7	-0.78
712.8	-0.781
712.9	-0.754
713	-0.747
713.1	-0.723
713.2	-0.709
713.3	-0.686
713.4	-0.686
713.5	-0.652
713.6	-0.646
713.7	-0.621
713.8	-0.599
713.9	-0.561
714	-0.534
714.1	-0.501
714.2	-0.471
714.3	-0.415
714.4	-0.386
714.5	-0.345
714.6	-0.308
714.7	-0.279
714.8	-0.24
714.9	-0.191
715	-0.153
715.1	-0.101
715.2	-0.057
715.3	-0.026
715.4	0.034
715.5	0.079
715.6	0.133
715.7	0.157
715.8	0.194
715.9	0.237
716	0.283
716.1	0.328
716.2	0.357
716.3	0.387
716.4	0.431
716.5	0.482
716.6	0.521
716.7	0.558
716.8	0.585
716.9	0.617
717	0.654
717.1	0.691
717.2	0.706
717.3	0.756
717.4	0.787
717.5	0.805
717.6	0.83
717.7	0.858
717.8	0.876
717.9	0.876
718	0.887
718.1	0.898
718.2	0.924
718.3	0.917
718.4	0.924
718.5	0.923
718.6	0.916
718.7	0.915
718.8	0.908
718.9	0.918
719	0.911
719.1	0.911
719.2	0.903
719.3	0.881
719.4	0.875
719.5	0.853
719.6	0.831
719.7	0.799
719.8	0.772
719.9	0.756
720	0.739