6	-0.003	-0.007	-0.008
7	-0.006	-0.009	-0.013
8	-0.008	-0.012	-0.018
9	-0.017	-0.016	-0.032
10	-0.012	-0.016	-0.027
11	-0.011	-0.018	-0.027
12	-0.008	-0.02	-0.025
13	-0.008	-0.019	-0.027
14	0	-0.021	-0.02
15	0.012	-0.022	-0.01
16	0.013	-0.023	-0.01
17	0.009	-0.024	-0.016
18	-0.009	-0.025	-0.034
19	-0.016	-0.025	-0.041
20	-0.01	-0.025	-0.034
21	0.006	-0.025	-0.019
22	0.001	-0.026	-0.023
23	-0.001	-0.024	-0.026
24	-0.005	-0.025	-0.03
25	-0.01	-0.025	-0.034
26	-0.016	-0.025	-0.04
27	-0.015	-0.025	-0.039
28	-0.002	-0.026	-0.027
29	-0.004	-0.026	-0.028
30	0	-0.026	-0.025
31	-0.002	-0.026	-0.027
32	-0.013	-0.026	-0.038
33	-0.018	-0.026	-0.044
34	-0.016	-0.027	-0.042
35	-0.004	-0.026	-0.029
36	0.008	-0.025	-0.016
37	0.015	-0.025	-0.007
38	0.017	-0.026	-0.005
39	0.01	-0.027	-0.011
40	0.012	-0.027	-0.009
41	0.019	-0.026	-0.002
42	0.024	-0.026	0.003
43	0.033	-0.025	0.013
44	0.036	-0.026	0.016
45	0.034	-0.026	0.015
46	0.026	-0.026	0.006
47	0.014	-0.026	-0.007
48	0.008	-0.025	-0.012
49	0.007	-0.026	-0.016
50	0.013	-0.022	-0.01
51	0.022	-0.022	-0.002
52	0.024	-0.023	-0.001
53	0.02	-0.023	-0.005
54	0.016	-0.022	-0.008
55	0.008	-0.023	-0.017
56	0.005	-0.022	-0.02
57	0.007	-0.023	-0.018
58	0.016	-0.022	-0.009
59	0.019	-0.022	-0.005
60	0.015	-0.023	-0.008
61	0.008	-0.023	-0.015
62	0.001	-0.024	-0.021
63	-0.001	-0.024	-0.022
64	0.003	-0.025	-0.018
65	0.013	-0.023	-0.009
66	0.014	-0.024	-0.008
67	0.011	-0.023	-0.011
68	0.008	-0.022	-0.015
69	0	-0.024	-0.023
70	-0.004	-0.023	-0.027
71	-0.005	-0.022	-0.027
72	0	-0.024	-0.024
73	0.006	-0.022	-0.018
74	0.006	-0.023	-0.017
75	0.005	-0.023	-0.018
76	0.002	-0.022	-0.021
77	0	-0.022	-0.023
78	0.004	-0.024	-0.019
79	0.01	-0.024	-0.013
80	0.012	-0.024	-0.01
81	0.015	-0.023	-0.007
82	0.018	-0.024	-0.005
83	0.016	-0.025	-0.007
84	0.014	-0.023	-0.01
85	0.012	-0.025	-0.012
86	0.012	-0.026	-0.013
87	0.014	-0.027	-0.012
88	0.017	-0.028	-0.008
89	0.018	-0.029	-0.007
90	0.018	-0.029	-0.009
91	0.012	-0.03	-0.014
92	0.01	-0.032	-0.018
93	0.007	-0.033	-0.021
94	0.006	-0.034	-0.023
95	0.007	-0.036	-0.022
96	0.003	-0.036	-0.026
97	-0.002	-0.035	-0.031
98	-0.008	-0.033	-0.036
99	-0.012	-0.033	-0.04
100	-0.015	-0.032	-0.043
101	-0.013	-0.033	-0.042
102	-0.006	-0.033	-0.035
103	0.001	-0.031	-0.029
104	0	-0.032	-0.03
105	-0.005	-0.032	-0.035
106	-0.009	-0.032	-0.039
107	-0.009	-0.032	-0.04
108	-0.004	-0.033	-0.034
109	0.002	-0.033	-0.028
110	0.008	-0.033	-0.022
111	0.009	-0.033	-0.021
112	0.009	-0.033	-0.02
113	0.008	-0.033	-0.021
114	0.009	-0.034	-0.02
115	0.013	-0.034	-0.017
116	0.015	-0.033	-0.014
117	0.014	-0.034	-0.015
118	0.014	-0.033	-0.016
119	0.015	-0.034	-0.015
120	0.015	-0.034	-0.013
121	0.015	-0.034	-0.015
122	0.016	-0.034	-0.013
123	0.019	-0.033	-0.011
124	0.02	-0.033	-0.011
125	0.021	-0.034	-0.008
126	0.026	-0.032	-0.005
127	0.028	-0.034	-0.003
128	0.037	-0.033	0.007
129	0.048	-0.033	0.017
130	0.062	-0.034	0.03
131	0.077	-0.034	0.047
132	0.089	-0.034	0.057
133	0.106	-0.035	0.074
134	0.123	-0.032	0.092
135	0.137	-0.034	0.105
136	0.149	-0.034	0.118
137	0.155	-0.035	0.123
138	0.16	-0.035	0.127
139	0.169	-0.035	0.136
140	0.192	-0.036	0.155
141	0.228	-0.034	0.193
142	0.267	-0.035	0.232
143	0.289	-0.035	0.252
144	0.303	-0.036	0.265
145	0.323	-0.035	0.286
146	0.354	-0.034	0.316
147	0.382	-0.035	0.346
148	0.403	-0.033	0.369
149	0.423	-0.032	0.39
150	0.435	-0.033	0.403
151	0.421	-0.034	0.391
152	0.378	-0.033	0.349
153	0.333	-0.032	0.304
154	0.288	-0.032	0.259
155	0.254	-0.034	0.226
156	0.23	-0.033	0.202
157	0.198	-0.034	0.17
158	0.154	-0.036	0.124
159	0.084	-0.036	0.051
160	-0.008	-0.038	-0.042
161	-0.099	-0.04	-0.135
162	-0.191	-0.042	-0.229
163	-0.273	-0.047	-0.315
164	-0.341	-0.052	-0.387
165	-0.405	-0.056	-0.456
166	-0.45	-0.06	-0.504
167	-0.483	-0.065	-0.537
168	-0.505	-0.069	-0.56
169	-0.524	-0.072	-0.581
170	-0.544	-0.073	-0.602
171	-0.545	-0.074	-0.602
172	-0.526	-0.077	-0.582
173	-0.496	-0.08	-0.556
174	-0.446	-0.083	-0.511
175	-0.388	-0.086	-0.457
176	-0.323	-0.09	-0.394
177	-0.265	-0.09	-0.336
178	-0.228	-0.091	-0.298
179	-0.21	-0.092	-0.283
180	-0.202	-0.093	-0.278
181	-0.201	-0.095	-0.281
182	-0.194	-0.097	-0.277
183	-0.177	-0.098	-0.262
184	-0.155	-0.098	-0.242
185	-0.14	-0.099	-0.23
186	-0.134	-0.103	-0.229
187	-0.12	-0.108	-0.222
188	-0.106	-0.116	-0.217
189	-0.107	-0.127	-0.227
190	-0.103	-0.128	-0.229
191	-0.092	-0.134	-0.224
192	-0.091	-0.142	-0.229
193	-0.09	-0.152	-0.236
194	-0.089	-0.157	-0.242
195	-0.092	-0.167	-0.255
196	-0.096	-0.181	-0.273
197	-0.091	-0.201	-0.291
198	-0.085	-0.221	-0.309
199	-0.079	-0.243	-0.328
200	-0.072	-0.265	-0.342
201	-0.071	-0.283	-0.359
202	-0.083	-0.289	-0.377
203	-0.098	-0.291	-0.392
204	-0.104	-0.3	-0.4
205	-0.102	-0.309	-0.401
206	-0.097	-0.317	-0.399
207	-0.085	-0.326	-0.392
208	-0.069	-0.332	-0.378
209	-0.055	-0.343	-0.367
210	-0.046	-0.357	-0.362
211	-0.044	-0.372	-0.371
212	-0.044	-0.39	-0.384
213	-0.039	-0.417	-0.406
214	-0.035	-0.453	-0.433
215	-0.029	-0.462	-0.448
216	-0.025	-0.454	-0.445
217	-0.029	-0.448	-0.447
218	-0.035	-0.447	-0.453
219	-0.042	-0.448	-0.46
220	-0.042	-0.445	-0.464
221	-0.041	-0.441	-0.466
222	-0.039	-0.439	-0.466
223	-0.042	-0.437	-0.466
224	-0.041	-0.432	-0.465
225	-0.042	-0.424	-0.46
226	-0.044	-0.419	-0.461
227	-0.045	-0.416	-0.459
228	-0.045	-0.415	-0.461
229	-0.044	-0.417	-0.457
230	-0.039	-0.419	-0.453
231	-0.035	-0.418	-0.45
232	-0.034	-0.414	-0.442
233	-0.038	-0.409	-0.437
234	-0.042	-0.406	-0.436
235	-0.036	-0.405	-0.429
236	-0.028	-0.405	-0.418
237	-0.02	-0.413	-0.413
238	-0.017	-0.434	-0.42
239	-0.018	-0.461	-0.444
240	-0.018	-0.478	-0.462
241	-0.021	-0.476	-0.473
242	-0.024	-0.478	-0.477
243	-0.025	-0.479	-0.48
244	-0.026	-0.477	-0.482
245	-0.03	-0.475	-0.483
246	-0.029	-0.473	-0.482
247	-0.035	-0.471	-0.487
248	-0.041	-0.473	-0.496
249	-0.041	-0.473	-0.5
250	-0.037	-0.474	-0.505
251	-0.034	-0.483	-0.511
252	-0.034	-0.494	-0.523
253	-0.035	-0.502	-0.53
254	-0.034	-0.502	-0.533
255	-0.032	-0.503	-0.533
256	-0.028	-0.505	-0.531
257	-0.028	-0.502	-0.527
258	-0.029	-0.499	-0.522
259	-0.025	-0.494	-0.513
260	-0.022	-0.492	-0.509
261	-0.03	-0.493	-0.513
262	-0.033	-0.495	-0.517
263	-0.03	-0.506	-0.527
264	-0.02	-0.531	-0.546
265	-0.013	-0.556	-0.566
266	-0.011	-0.564	-0.577
267	-0.014	-0.568	-0.584
268	-0.018	-0.569	-0.593
269	-0.019	-0.568	-0.598
270	-0.013	-0.565	-0.594
271	-0.007	-0.562	-0.589
272	0	-0.56	-0.581
273	0.008	-0.557	-0.571
274	0.013	-0.556	-0.563
275	0.012	-0.556	-0.559
276	0.008	-0.557	-0.56
277	0.007	-0.561	-0.561
278	0.009	-0.564	-0.561
279	0.012	-0.564	-0.557
280	0.015	-0.563	-0.552
281	0.017	-0.561	-0.548
282	0.01	-0.556	-0.548
283	0.004	-0.548	-0.544
284	0.001	-0.542	-0.542
285	0.003	-0.538	-0.537
286	0.006	-0.534	-0.53
287	0.009	-0.533	-0.527
288	0.009	-0.537	-0.53
289	0.004	-0.556	-0.551
290	-0.002	-0.576	-0.575
291	-0.004	-0.582	-0.586
292	-0.002	-0.583	-0.586
293	0.001	-0.585	-0.583
294	0.009	-0.582	-0.573
295	0.011	-0.578	-0.565
296	0.007	-0.571	-0.557
297	0.005	-0.567	-0.551
298	0.006	-0.561	-0.544
299	0.01	-0.557	-0.534
300	0.016	-0.553	-0.524
301	0.02	-0.551	-0.515
302	0.016	-0.553	-0.513
303	0.008	-0.553	-0.514
304	0.004	-0.553	-0.517
305	0.004	-0.552	-0.512
306	0.006	-0.548	-0.508
307	0.006	-0.544	-0.501
308	0.007	-0.537	-0.494
309	0.005	-0.532	-0.489
310	0.005	-0.528	-0.484
311	0.003	-0.524	-0.481
312	0.001	-0.522	-0.48
313	0.001	-0.526	-0.483
314	0.003	-0.542	-0.497
315	0.007	-0.556	-0.508
316	0.006	-0.558	-0.513
317	0.001	-0.559	-0.518
318	-0.002	-0.558	-0.521
319	3.46945E-18	-0.558	-0.518
320	0.009	-0.553	-0.506
321	0.016	-0.545	-0.493
322	0.015	-0.539	-0.486
323	0.009	-0.533	-0.484
324	0.007	-0.527	-0.479
325	0.01	-0.522	-0.472
326	0.02	-0.519	-0.461
327	0.022	-0.519	-0.457
328	0.022	-0.518	-0.455
329	0.019	-0.519	-0.459
330	0.015	-0.519	-0.464
331	0.016	-0.517	-0.463
332	0.013	-0.513	-0.463
333	0.01	-0.508	-0.459
334	0.011	-0.503	-0.453
335	0.016	-0.499	-0.446
336	0.016	-0.495	-0.439
337	0.013	-0.491	-0.438
338	0.006	-0.493	-0.447
339	0.002	-0.507	-0.467
340	-0.002	-0.512	-0.477
341	-0.002	-0.51	-0.476
342	-0.003	-0.513	-0.474
343	-0.007	-0.513	-0.477
344	-0.007	-0.51	-0.474
345	-0.008	-0.505	-0.472
346	-0.008	-0.498	-0.468
347	-0.011	-0.493	-0.465
348	-0.009	-0.486	-0.458
349	-0.008	-0.481	-0.453
350	-0.008	-0.474	-0.447
351	-0.011	-0.469	-0.447
352	-0.01	-0.466	-0.448
353	-0.01	-0.461	-0.441
354	-0.012	-0.462	-0.445
355	-0.012	-0.461	-0.445
356	-0.016	-0.461	-0.449
357	-0.023	-0.456	-0.451
358	-0.025	-0.453	-0.451
359	-0.02	-0.449	-0.446
360	-0.018	-0.445	-0.442
361	-0.017	-0.438	-0.439
362	-0.018	-0.435	-0.438
363	-0.014	-0.437	-0.437
364	-0.013	-0.446	-0.443
365	-0.014	-0.439	-0.444
366	-0.015	-0.44	-0.446
367	-0.016	-0.441	-0.447
368	-0.018	-0.44	-0.449
369	-0.011	-0.437	-0.441
370	-0.007	-0.43	-0.433
371	-0.009	-0.426	-0.43
372	-0.009	-0.42	-0.426
373	-0.008	-0.416	-0.421
374	0	-0.407	-0.405
375	0.005	-0.407	-0.394
376	0.004	-0.408	-0.39
377	0.002	-0.411	-0.393
378	0	-0.406	-0.393
379	-0.002	-0.408	-0.396
380	-0.002	-0.408	-0.395
381	-0.003	-0.406	-0.394
382	-0.001	-0.402	-0.388
383	0.003	-0.397	-0.379
384	0.008	-0.395	-0.37
385	0.01	-0.391	-0.362
386	0.011	-0.388	-0.355
387	0.014	-0.387	-0.351
388	0.02	-0.391	-0.351
389	0.019	-0.396	-0.353
390	0.019	-0.393	-0.35
391	0.017	-0.399	-0.357
392	0.018	-0.398	-0.356
393	0.018	-0.397	-0.354
394	0.017	-0.393	-0.351
395	0.018	-0.386	-0.343
396	0.023	-0.382	-0.335
397	0.028	-0.375	-0.327
398	0.032	-0.368	-0.317
399	0.034	-0.362	-0.308
400	0.037	-0.36	-0.304
401	0.039	-0.363	-0.303
402	0.041	-0.359	-0.297
403	0.045	-0.355	-0.293
404	0.048	-0.356	-0.29
405	0.048	-0.357	-0.291
406	0.047	-0.353	-0.29
407	0.043	-0.348	-0.286
408	0.037	-0.345	-0.285
409	0.032	-0.341	-0.287
410	0.027	-0.335	-0.287
411	0.027	-0.331	-0.286
412	0.029	-0.33	-0.284
413	0.027	-0.334	-0.291
414	0.023	-0.33	-0.29
415	0.016	-0.329	-0.291
416	0.012	-0.332	-0.294
417	0.012	-0.333	-0.294
418	0.017	-0.331	-0.289
419	0.022	-0.326	-0.28
420	0.021	-0.319	-0.271
421	0.023	-0.317	-0.263
422	0.026	-0.312	-0.258
423	0.026	-0.306	-0.252
424	0.027	-0.304	-0.247
425	0.029	-0.308	-0.25
426	0.026	-0.307	-0.25
427	0.025	-0.303	-0.248
428	0.021	-0.303	-0.251
429	0.019	-0.304	-0.252
430	0.016	-0.302	-0.256
431	0.013	-0.301	-0.259
432	0.011	-0.296	-0.256
433	0.007	-0.292	-0.255
434	0.009	-0.289	-0.251
435	0.006	-0.286	-0.251
436	0.002	-0.281	-0.252
437	0.001	-0.283	-0.254
438	0.003	-0.282	-0.253
439	-0.002	-0.279	-0.252
440	-0.007	-0.278	-0.261
441	-0.01	-0.277	-0.261
442	-0.013	-0.279	-0.263
443	-0.015	-0.278	-0.266
444	-0.012	-0.27	-0.259
445	-0.016	-0.266	-0.256
446	-0.018	-0.262	-0.255
447	-0.018	-0.258	-0.25
448	-0.015	-0.254	-0.245
449	-0.008	-0.252	-0.238
450	-0.008	-0.26	-0.242
451	-0.009	-0.254	-0.24
452	-0.01	-0.252	-0.24
453	-0.014	-0.254	-0.243
454	-0.017	-0.252	-0.244
455	-0.02	-0.251	-0.247
456	-0.02	-0.249	-0.247
457	-0.022	-0.246	-0.247
458	-0.023	-0.242	-0.245
459	-0.023	-0.238	-0.243
460	-0.026	-0.235	-0.244
461	-0.028	-0.233	-0.244
462	-0.025	-0.235	-0.244
463	-0.023	-0.232	-0.241
464	-0.022	-0.23	-0.238
465	-0.02	-0.23	-0.24
466	-0.02	-0.231	-0.237
467	-0.019	-0.232	-0.238
468	-0.019	-0.232	-0.24
469	-0.017	-0.225	-0.232
470	-0.019	-0.225	-0.23
471	-0.019	-0.224	-0.228
472	-0.015	-0.221	-0.221
473	-0.004	-0.221	-0.21
474	0.002	-0.225	-0.207
475	-0.001	-0.224	-0.21
476	-0.011	-0.219	-0.216
477	-0.02	-0.217	-0.224
478	-0.027	-0.218	-0.229
479	-0.026	-0.218	-0.225
480	-0.021	-0.217	-0.219
481	-0.021	-0.214	-0.216
482	-0.027	-0.209	-0.217
483	-0.032	-0.204	-0.218
484	-0.041	-0.201	-0.224
485	-0.052	-0.197	-0.233
486	-0.057	-0.197	-0.238
487	-0.05	-0.197	-0.232
488	-0.042	-0.196	-0.222
489	-0.035	-0.196	-0.217
490	-0.036	-0.197	-0.221
491	-0.047	-0.195	-0.232
492	-0.056	-0.198	-0.243
493	-0.052	-0.194	-0.238
494	-0.035	-0.19	-0.219
495	-0.026	-0.189	-0.208
496	-0.017	-0.187	-0.198
497	-0.008	-0.186	-0.187
498	0	-0.187	-0.18
499	0.003	-0.195	-0.18
500	0	-0.188	-0.178
501	-0.006	-0.186	-0.181
502	-0.006	-0.185	-0.182
503	-0.002	-0.185	-0.177
504	0.003	-0.184	-0.17
505	-0.001	-0.184	-0.172
506	-0.01	-0.183	-0.177
507	-0.013	-0.179	-0.177
508	-0.016	-0.177	-0.177
509	-0.017	-0.174	-0.178
510	-0.015	-0.172	-0.175
511	-0.009	-0.171	-0.17
512	-0.004	-0.172	-0.166
513	0.002	-0.171	-0.16
514	0.002	-0.171	-0.161
515	0.001	-0.171	-0.163
516	-0.001	-0.171	-0.165
517	0	-0.172	-0.165
518	0.006	-0.167	-0.152
519	0.012	-0.166	-0.146
520	0.017	-0.166	-0.141
521	0.017	-0.166	-0.138
522	0.018	-0.166	-0.136
523	0.022	-0.171	-0.136
524	0.026	-0.175	-0.132
525	0.025	-0.168	-0.128
526	0.029	-0.166	-0.124
527	0.035	-0.167	-0.117
528	0.038	-0.167	-0.115
529	0.038	-0.164	-0.115
530	0.034	-0.163	-0.118
531	0.03	-0.158	-0.119
532	0.027	-0.153	-0.119
533	0.023	-0.151	-0.122
534	0.021	-0.15	-0.122
535	0.016	-0.147	-0.126
536	0.014	-0.147	-0.128
537	0.015	-0.147	-0.125
538	0.013	-0.147	-0.125
539	0.012	-0.148	-0.127
540	0.013	-0.147	-0.124
541	0.012	-0.148	-0.127
542	0.01	-0.149	-0.128
543	0.009	-0.145	-0.124
544	0.008	-0.145	-0.126
545	0.01	-0.143	-0.124
546	0.013	-0.14	-0.119
547	0.019	-0.139	-0.114
548	0.022	-0.144	-0.116
549	0.02	-0.143	-0.119
550	0.014	-0.137	-0.117
551	0.01	-0.136	-0.119
552	0.005	-0.137	-0.123
553	0.004	-0.133	-0.122
554	0.004	-0.132	-0.119
555	0.008	-0.13	-0.113
556	0.009	-0.125	-0.107
557	0.006	-0.122	-0.106
558	0.004	-0.119	-0.105
559	-0.001	-0.118	-0.107
560	0	-0.115	-0.104
561	0.01	-0.115	-0.096
562	0.011	-0.117	-0.096
563	0.008	-0.115	-0.1
564	0.007	-0.116	-0.103
565	0.004	-0.117	-0.105
566	0.004	-0.118	-0.106
567	0.001	-0.118	-0.109
568	0.002	-0.114	-0.104
569	0.001	-0.113	-0.104
570	-0.002	-0.112	-0.106
571	0.002	-0.111	-0.099
572	0.01	-0.112	-0.093
573	0.013	-0.118	-0.095
574	0.007	-0.117	-0.099
575	0.002	-0.113	-0.1
576	-0.002	-0.111	-0.104
577	-0.004	-0.111	-0.105
578	-0.007	-0.11	-0.106
579	-0.002	-0.108	-0.099
580	0.001	-0.105	-0.093
581	0	-0.102	-0.092
582	-0.001	-0.098	-0.089
583	-0.007	-0.096	-0.093
584	-0.014	-0.094	-0.096
585	-0.014	-0.092	-0.097
586	-0.005	-0.092	-0.089
587	-0.001	-0.093	-0.084
588	0.001	-0.091	-0.083
589	0	-0.092	-0.086
590	-0.003	-0.092	-0.09
591	-0.011	-0.094	-0.099
592	-0.013	-0.094	-0.099
593	-0.007	-0.091	-0.091
594	-0.006	-0.09	-0.089
595	-0.004	-0.088	-0.086
596	-0.003	-0.087	-0.084
597	-0.001	-0.088	-0.082
598	0	-0.093	-0.085
599	-0.003	-0.093	-0.087
600	-0.005	-0.088	-0.087
601	-0.005	-0.087	-0.084
602	-0.006	-0.088	-0.083
603	-0.003	-0.089	-0.083
604	-0.004	-0.087	-0.085
605	-0.007	-0.085	-0.086
606	-0.007	-0.083	-0.084
607	-0.009	-0.08	-0.084
608	-0.009	-0.079	-0.086
609	-0.009	-0.075	-0.084
610	-0.008	-0.075	-0.082
611	-0.004	-0.075	-0.078
612	-0.001	-0.077	-0.075
613	-0.001	-0.077	-0.076
614	-0.001	-0.076	-0.077
615	-0.005	-0.076	-0.081
616	-0.008	-0.078	-0.085
617	-0.007	-0.078	-0.084
618	-0.009	-0.077	-0.083
619	-0.009	-0.075	-0.081
620	-0.011	-0.074	-0.081
621	-0.01	-0.072	-0.078
622	-0.014	-0.073	-0.082
623	-0.015	-0.076	-0.086
624	-0.014	-0.077	-0.089
625	-0.016	-0.075	-0.088
626	-0.019	-0.073	-0.09
627	-0.018	-0.074	-0.089
628	-0.015	-0.074	-0.086
629	-0.014	-0.075	-0.087
630	-0.014	-0.073	-0.085
631	-0.015	-0.071	-0.085
632	-0.016	-0.07	-0.084
633	-0.015	-0.068	-0.083
634	-0.014	-0.069	-0.081
635	-0.009	-0.067	-0.075
636	-0.005	-0.067	-0.072
637	-0.004	-0.067	-0.072
638	-1.38778E-17	-0.066	-0.068
639	0.003	-0.067	-0.065
640	0.004	-0.069	-0.066
641	-0.001	-0.069	-0.071
642	-0.004	-0.068	-0.075
643	-0.003	-0.067	-0.072
644	0	-0.067	-0.068
645	0.001	-0.065	-0.066
646	0.004	-0.065	-0.062
647	0.007	-0.066	-0.058
648	0.008	-0.068	-0.058
649	0.006	-0.071	-0.063
650	-0.002	-0.068	-0.067
651	-0.007	-0.068	-0.071
652	-0.01	-0.067	-0.074
653	-0.006	-0.068	-0.071
654	0	-0.068	-0.065
655	0.001	-0.068	-0.064
656	-0.004	-0.066	-0.067
657	-0.005	-0.065	-0.067
658	-0.008	-0.063	-0.068
659	-0.009	-0.063	-0.068
660	-0.005	-0.062	-0.064
661	0	-0.063	-0.06
662	0.002	-0.062	-0.059
663	-0.003	-0.063	-0.063
664	-0.009	-0.062	-0.069
665	-0.013	-0.062	-0.073
666	-0.016	-0.062	-0.076
667	-0.012	-0.062	-0.074
668	-0.007	-0.062	-0.067
669	-0.003	-0.06	-0.063
670	-0.004	-0.06	-0.063
671	-0.008	-0.059	-0.067
672	-0.011	-0.059	-0.069
673	-0.014	-0.061	-0.073
674	-0.013	-0.063	-0.075
675	-0.008	-0.06	-0.067
676	-0.003	-0.062	-0.063
677	-0.003	-0.062	-0.063
678	-0.003	-0.062	-0.063
679	-0.008	-0.061	-0.069
680	-0.011	-0.062	-0.072
681	-0.006	-0.06	-0.065
682	0	-0.059	-0.059
683	0.008	-0.058	-0.052
684	0.015	-0.057	-0.042
685	0.021	-0.057	-0.037
686	0.024	-0.057	-0.033
687	0.019	-0.058	-0.039
688	0.018	-0.057	-0.039
689	0.018	-0.057	-0.039
690	0.018	-0.058	-0.04
691	0.021	-0.057	-0.036
692	0.022	-0.059	-0.036
693	0.021	-0.059	-0.036
694	0.019	-0.059	-0.037
695	0.018	-0.058	-0.039
696	0.017	-0.058	-0.038
697	0.021	-0.057	-0.035
698	0.028	-0.057	-0.027
699	0.032	-0.059	-0.026
700	0.024	-0.057	-0.032
701	0.013	-0.059	-0.042
702	0.01	-0.058	-0.045
703	0.008	-0.059	-0.047
704	0.01	-0.06	-0.045
705	0.014	-0.06	-0.041
706	0.015	-0.058	-0.038
707	0.014	-0.056	-0.038
708	0.012	-0.056	-0.039
709	0.01	-0.057	-0.04
710	0.009	-0.056	-0.04
711	0.012	-0.057	-0.038
712	0.017	-0.057	-0.033
713	0.02	-0.056	-0.03
714	0.018	-0.056	-0.032
