    1  0   -2.69      1.56
    2  0   -2.44      1.40
    3  0   -2.31      1.90
    4  0   -2.31      1.64
    5  0   -1.24      1.38
    6  0   -0.25      1.37
    7  0    0.46      0.70
    8  0    0.82     -0.78
    9  0    0.81     -1.23
   10  0    1.46     -1.51
   11  0    1.18     -1.96
   12  0    0.88     -2.32
   13  0    0.12     -1.99
   14  0   -0.22     -2.10
   15  0    0.03     -2.51
   16  0   -0.62     -2.19
   17  0   -1.59     -0.46
   18  0   -2.81      1.42
   19  0   -3.33      2.09
   20  0   -3.12      2.69
   21  0   -3.20      3.11
   22  0   -2.60      3.83
   23  0   -2.44      3.79
   24  0   -2.42      3.60
   25  0   -2.04      3.00
   26  0   -1.43      2.57
   27  0   -1.21      2.46
   28  0   -1.11      2.53
   29  0   -0.42      2.35
   30  0    0.32      2.01
   31  0    0.82      1.46
   32  0    1.35     -0.11
   33  0    1.27     -1.11
   34  0    0.30     -1.55
   35  0   -0.38     -1.92
   36  0   -0.64     -2.10
   37  0   -0.17     -1.62
   38  0   -0.42     -1.07
   39  0   -1.27     -0.68
   40  0   -1.34      0.35
   41  0   -2.17      1.74
   42  0   -2.02      2.55
   43  0   -2.11      2.61
   44  0   -2.23      3.52
   45  0   -1.58      3.93
   46  0   -1.98      4.26
   47  0   -1.34      4.41
   48  0   -1.01      4.36
   49  0   -0.97      3.65
   50  0   -1.07      3.48
   51  0   -1.06      3.44
   52  0   -0.64      3.40
   53  0    0.38      2.72
   54  0    0.57      2.10
   55  0    0.39      1.65
   56  0    0.40      1.50
   57  0    0.09      1.51
   58  0    0.15     -0.22
   59  0    0.01     -0.81
   60  0    0.23     -0.91
   61  0   -0.24     -0.79
   62  0   -0.14      0.06
   63  0   -0.50     -0.19
   64  0   -2.19     -0.26
   65  0   -2.91      0.00
   66  0   -3.39      1.41
   67  0   -3.60      1.93
   68  0   -3.51      2.31
   69  0   -3.22      3.04
   70  0   -2.67      3.19
   71  0   -2.51      3.42
   72  0   -2.24      3.39
   73  0   -1.39      3.04
   74  0   -0.54      2.85
   75  0   -0.43      2.55
   76  0   -0.89      2.10
   77  0   -0.83      2.13
   78  0   -0.92      1.84
   79  0   -0.49      1.97
   80  0   -0.12      1.14
   81  0    0.07      0.76
   82  0   -1.05     -0.71
   83  0   -1.26     -0.96
   84  0   -1.01     -1.49
   85  0   -0.96     -1.72
   86  0   -1.63     -2.17
   87  0   -2.75     -1.66
   88  0   -3.78     -1.48
   89  0   -3.75     -0.90
   90  0   -4.17     -0.34
   91  0   -4.58      0.20
   92  0   -4.43      0.77
   93  0   -4.09      0.83
   94  0   -3.81      1.58
   95  0   -3.82      1.26
   96  0   -3.04      1.24
   97  0   -2.55      0.97
   98  0   -2.02      0.84
   99  0   -1.79      1.00
  100  0   -1.69      0.75
  101  0   -1.17      0.67
  102  0   -0.70      0.36
  103  0   -0.53     -0.10
  104  0   -0.05     -0.08
  105  0    0.58     -0.11
  106  0    0.06     -2.19
  107  0   -0.97     -2.45
  108  0   -0.79     -2.68
  109  0   -1.30     -2.81
  110  0   -1.65     -3.36
  111  0   -2.54     -2.44
  112  0   -4.11     -1.41
  113  0   -5.22     -1.18
  114  0   -5.40     -1.40
  115  0   -5.33     -1.25
  116  0   -5.22     -1.50
  117  0   -5.31     -1.96
  118  0   -5.27     -2.10
  119  0   -5.64     -2.22
  120  0   -4.89     -2.64
  121  0   -3.64     -2.80
  122  0   -2.80     -3.69
  123  0   -2.54     -4.18
  124  0   -2.55     -4.73
  125  0   -1.22     -5.63
  126  0   -0.74     -5.59
  127  0   -0.84     -6.19
  128  0   -0.79     -7.00
  129  0    0.05     -7.52
  130  0    0.19     -8.06
  131  0    0.60     -8.46
  132  0    1.29     -8.82
  133  0    1.49     -9.55
  134  0    1.90     -9.94
  135  0    1.19    -10.47
  136  0    0.13    -10.69
  137  0    0.52    -11.66
  138  0    2.03    -13.11
  139  0    2.04    -13.93
  140  0    3.18    -14.32
  141  0    5.60    -14.09
  142  0    6.32    -14.59
  143  0    6.73    -15.16
  144  0    6.89    -14.61
  145  0    7.88    -15.82
  146  0    8.57    -14.33
  147  0   10.72    -14.85
  148  0   11.40    -15.87
  149  0   10.49    -16.53
  150  0    9.97    -17.11
  151  0   10.93    -17.47
  152  0   12.01    -16.77
  153  0   13.70    -15.72
  154  0   15.26    -13.26
  155  0   14.57    -11.52
  156  0   12.65     -9.35
  157  0    6.72     -6.25
  158  0   -0.72     -3.80
  159  0   -5.08      1.75
  160  0   -7.45      9.59
  161  0   -7.87     13.67
  162  0   -6.29     13.67
  163  0   -4.41     15.53
  164  0   -3.70     17.31
  165  0   -3.32     17.51
  166  0   -8.22     16.68
  167  0  -10.79     17.38
  168  0  -13.48     16.00
  169  0  -14.78     14.63
  170  0  -14.62     14.20
  171  0  -15.00     13.79
  172  0  -14.13     12.86
  173  0  -13.17     12.10
  174  0  -12.72     11.35
  175  0  -12.09     12.41
  176  0  -11.20     10.83
  177  0  -10.78     11.33
  178  0  -11.93     10.28
  179  0  -12.23      8.87
  180  0  -11.46      9.73
  181  0  -10.27     10.07
  182  0   -9.43      8.44
  183  0   -9.55      7.92
  184  0  -12.05      7.82
  185  0  -12.05      8.33
  186  0  -11.70      8.00
  187  0  -10.76      7.37
  188  0  -12.13      7.40
  189  0  -13.19      6.05
  190  0  -10.20      5.91
  191  0  -10.32      6.01
  192  0   -9.51      5.17
  193  0   -9.38      5.93
  194  0   -9.23      6.49
  195  0   -8.93      7.33
  196  0   -9.54      7.65
  197  0  -10.20      8.41
  198  0  -10.37      7.66
  199  0  -10.80      6.43
  200  0  -10.36      6.74
  201  0  -10.05      6.43
  202  0   -9.49      5.84
  203  0   -9.39      6.12
  204  0   -9.89      5.99
  205  0   -8.52      5.69
  206  0   -7.51      6.28
  207  0   -6.69      5.86
  208  0   -6.75      4.60
  209  0   -6.82      3.65
  210  0   -6.86      4.36
  211  0   -5.94      5.75
  212  0   -5.14      6.05
  213  0   -5.57      5.65
  214  0   -6.49      5.36
  215  0   -6.53      5.34
  216  0   -6.25      5.26
  217  0   -5.62      5.33
  218  0   -5.48      5.67
  219  0   -5.61      5.66
  220  0   -5.24      6.38
  221  0   -4.23      6.50
  222  0   -3.71      6.51
  223  0   -3.50      6.41
  224  0   -3.14      6.18
  225  0   -3.65      6.03
  226  0   -2.88      6.37
  227  0   -2.91      6.09
  228  0   -3.06      5.96
  229  0   -3.37      6.33
  230  0   -1.85      6.41
  231  0   -1.33      5.76
  232  0   -1.14      6.12
  233  0    0.23      5.79
  234  0    0.66      5.28
  235  0    0.69      4.33
  236  0    1.18      4.04
  237  0    0.94      3.93
  238  0    0.48      5.11
  239  0    0.98      4.94
  240  0    0.99      4.75
  241  0    0.36      4.61
  242  0    0.38      4.76
  243  0    0.40      4.20
  244  0    0.59      4.42
  245  0    1.10      4.93
  246  0    1.59      4.85
  247  0    2.10      4.78
  248  0    1.83      4.73
  249  0    2.15      4.68
  250  0    2.38      3.85
  251  0    3.60      3.54
  252  0    2.74      3.40
  253  0    2.50      2.99
  254  0    3.15      3.06
  255  0    3.21      3.36
  256  0    3.51      3.15
  257  0    3.16      3.70
  258  0    3.54      3.94
  259  0    3.68      3.57
  260  0    3.50      3.49
  261  0    3.21      3.87
  262  0    2.75      3.30
  263  0    2.44      3.07
  264  0    2.23      2.92
  265  0    3.22      2.04
  266  0    2.97      2.03
  267  0    1.92      1.05
  268  0    0.51     -1.36
  269  0   -0.31     -1.58
  270  0   -0.30      0.09
  271  0    0.17      0.84
  272  0    1.28      1.44
  273  0    2.15      1.21
  274  0    2.00      0.24
  275  0    2.05     -0.00
  276  0    2.10     -0.37
  277  0    1.86     -1.23
  278  0    1.71     -2.66
  279  0    1.13     -2.54
  280  0    0.88     -2.27
  281  0    0.51     -2.16
  282  0    1.11     -1.78
  283  0    1.53     -1.14
  284  0    1.58     -0.62
  285  0    1.32      0.06
  286  0    0.03      2.09
  287  0    0.32      2.70
  288  0    0.65      2.86
  289  0    1.18      2.54
  290  0    1.30      1.50
  291  0    1.76      1.24
  292  0    1.53      0.89
  293  0    1.59      0.38
  294  0    1.17     -0.01
  295  0    0.59      0.19
  296  0    0.88      0.03
  297  0    1.10     -0.65
  298  0    0.36     -2.20
  299  0    0.15     -2.42
  300  0    0.00     -2.60
  301  0   -0.42     -2.48
  302  0   -1.12     -2.53
  303  0   -1.48     -2.52
  304  0   -2.54     -2.38
  305  0   -2.79     -1.87
  306  0   -3.45     -1.17
  307  0   -3.82     -0.66
  308  0   -3.99     -0.10
  309  0   -4.07      0.82
  310  0   -4.27      0.82
  311  0   -4.42      1.05
  312  0   -4.58      1.31
  313  0   -4.91      1.27
  314  0   -5.41      0.90
  315  0   -5.20      1.22
  316  0   -4.97      1.37
  317  0   -4.26      1.17
  318  0   -4.07      0.49
  319  0   -3.90     -0.01
  320  0   -3.38     -0.33
  321  0   -2.72     -0.80
  322  0   -1.75     -2.16
  323  0   -1.67     -2.59
  324  0   -1.65     -2.95
  325  0   -2.10     -3.14
  326  0   -1.92     -3.50
  327  0   -1.78     -3.70
  328  0   -2.05     -3.47
  329  0   -1.18     -3.26
  330  0   -3.10     -1.89
  331  0   -3.72     -1.47
  332  0   -2.76     -1.03
  333  0   -2.90      0.36
  334  0   -2.70      0.96
  335  0   -2.03      0.63
  336  0   -1.70      0.48
  337  0   -1.42      0.20
  338  0   -1.01     -0.34
  339  0   -0.47     -0.86
  340  0    0.26     -1.06
  341  0    0.98     -1.74
  342  0    0.81     -1.96
  343  0    0.64     -1.97
  344  0    0.51     -1.62
  345  0    0.16     -1.23
  346  0    0.94     -1.88
  347  0    0.70     -2.12
  348  0    0.59     -2.15
  349  0    0.48     -1.98
  350  0    0.58     -1.83
  351  0    0.63     -1.06
  352  0    0.56     -0.81
  353  0    0.03     -0.56
  354  0   -0.25      0.53
  355  0   -0.58      1.62
  356  0   -1.13      2.64
  357  0   -0.98      3.15
  358  0   -1.26      2.70
  359  0   -1.33      2.89
  360  0   -1.56      3.35
  361  0   -1.61      3.39
  362  0   -2.05      3.50
  363  0   -2.16      3.20
  364  0   -1.54      2.93
  365  0   -0.65      2.42
  366  0   -0.29      1.65
  367  0   -0.08      0.84
  368  0    0.59     -0.16
  369  0    0.52     -1.12
  370  0   -0.00     -2.38
  371  0   -0.41     -2.42
  372  0   -0.53     -2.38
  373  0   -0.85     -2.02
  374  0   -1.03     -1.90
  375  0   -1.33     -2.18
  376  0   -1.58     -1.97
  377  0   -2.13     -1.13
  378  0   -2.71     -0.82
  379  0   -3.17     -0.30
  380  0   -3.06      0.67
  381  0   -2.84      0.91
  382  0   -2.90      1.17
  383  0   -3.20      1.41
  384  0   -3.47      1.48
  385  0   -3.50      0.96
  386  0   -3.28      0.61
  387  0   -3.02      0.02
  388  0   -2.43     -0.64
  389  0   -1.53     -1.57
  390  0   -0.77     -2.02
  391  0   -0.48     -2.52
  392  0   -0.66     -2.96
  393  0   -1.32     -3.28
  394  0   -1.30     -3.73
  395  0   -1.93     -4.08
  396  0   -2.23     -4.21
  397  0   -2.31     -4.55
  398  0   -2.51     -4.46
  399  0   -2.83     -4.38
  400  0   -2.23     -4.93
  401  0   -2.37     -4.61
  402  0   -2.71     -4.36
  403  0   -3.41     -4.19
  404  0   -4.28     -3.83
  405  0   -4.50     -3.55
  406  0   -5.15     -2.72
  407  0   -4.95     -2.40
  408  0   -4.23     -1.95
  409  0   -3.68     -1.74
  410  0   -3.75     -1.24
  411  0   -3.41     -1.48
  412  0   -3.19     -1.69
  413  0   -2.86     -1.76
  414  0   -2.35     -2.09
  415  0   -2.82     -1.91
  416  0   -2.28     -2.65
  417  0   -1.88     -3.38
  418  0   -1.54     -4.10
  419  0   -2.14     -3.88
  420  0   -2.28     -3.97
  421  0   -1.53     -4.28
  422  0   -1.40     -4.31
  423  0   -1.69     -4.19
  424  0   -2.36     -3.97
  425  0   -2.75     -3.05
  426  0   -1.51     -3.00
  427  0   -1.16     -2.66
  428  0   -1.09     -2.37
  429  0   -0.62     -2.22
  430  0   -2.25     -1.63
  431  0   -2.81     -1.54
  432  0   -2.58     -1.93
  433  0   -2.27     -1.96
  434  0   -1.97     -2.20
  435  0   -1.60     -2.14
  436  0   -0.91     -1.93
  437  0   -0.34     -1.61
  438  0    0.12     -1.29
  439  0    0.75     -0.57
  440  0    1.18     -0.75
  441  0    1.40     -0.59
  442  0    1.17     -0.49
  443  0    1.01     -0.34
  444  0    1.49     -0.33
  445  0    1.34     -0.18
  446  0    1.99     -0.58
  447  0    2.49     -0.54
  448  0    2.56     -0.48
  449  0    2.00     -0.05
  450  0    1.38      1.12
  451  0    1.39      2.61
  452  0    2.12      3.37
  453  0    2.64      3.80
  454  0    2.59      4.14
  455  0    2.35      4.18
  456  0    2.47      3.76
  457  0    2.19      3.35
  458  0    2.45      2.68
  459  0    2.58      2.53
  460  0    1.94      3.06
  461  0    2.16      3.19
  462  0    2.58      2.67
  463  0    2.99      1.39
  464  0    3.37      1.03
  465  0    3.34      0.59
  466  0    3.45      0.05
  467  0    2.59     -0.53
  468  0    1.84     -1.04
  469  0    1.45     -0.82
  470  0    1.18     -0.36
  471  0    1.21      0.12
  472  0    1.30      1.02
  473  0    1.00      1.88
  474  0    0.52      2.72
  475  0    0.34      3.80
  476  0    0.74      4.34
  477  0    0.68      4.59
  478  0    0.38      4.71
  479  0    0.37      4.54
  480  0    0.29      4.52
  481  0    0.31      4.29
  482  0    0.28      4.88
  483  0    0.55      5.08
  484  0    1.28      5.01
  485  0    1.35      5.06
  486  0    1.61      5.01
  487  0    2.28      4.91
  488  0    2.61      4.47
  489  0    2.34      4.46
  490  0    2.19      4.38
  491  0    1.88      3.93
  492  0    2.09      3.31
  493  0    2.22      3.08
  494  0    2.54      2.41
  495  0    2.07      1.94
  496  0    1.69      2.47
  497  0    2.01      2.56
  498  0    2.82      3.12
  499  0    2.58      3.76
  500  0    2.32      4.07
  501  0    2.37      4.26
  502  0    2.45      4.40
  503  0    2.54      3.92
  504  0    2.36      3.79
  505  0    2.55      3.47
  506  0    2.96      2.61
  507  0    3.39      1.86
  508  0    3.40      1.23
  509  0    3.42      0.26
  510  0    2.88     -0.56
  511  0    2.23     -1.54
  512  0    1.18     -2.20
  513  0    0.63     -2.18
  514  0    1.04     -2.78
  515  0    0.03     -2.92
  516  0   -0.59     -2.78
  517  0   -0.66     -2.56
  518  0   -0.74     -2.62
  519  0   -0.89     -3.17
  520  0   -1.15     -3.16
  521  0   -1.52     -2.96
  522  0   -1.95     -2.19
  523  0   -2.68     -1.03
  524  0   -3.24     -0.77
  525  0   -3.32     -0.36
  526  0   -3.57      0.02
  527  0   -2.36      0.59
  528  0   -0.48      0.37
  529  0   -0.97      0.48
  530  0   -3.20      1.08
  531  0   -4.64     -0.25
  532  0   -4.44     -1.14
  533  0   -3.57     -1.56
  534  0   -2.98     -1.94
  535  0   -2.51     -2.29
  536  0   -2.66     -2.64
  537  0   -2.49     -2.98
  538  0   -2.03     -3.22
  539  0   -1.79     -3.65
  540  0   -1.49     -3.84
  541  0   -1.97     -4.01
  542  0   -2.61     -4.29
  543  0   -2.95     -4.53
  544  0   -3.80     -4.31
  545  0   -4.28     -3.83
  546  0   -4.38     -3.21
  547  0   -4.48     -2.95
  548  0   -4.49     -2.73
  549  0   -4.69     -2.14
  550  0   -4.91     -1.97
  551  0   -4.61     -2.11
  552  0   -4.45     -1.96
  553  0   -4.34     -2.21
  554  0   -4.27     -2.84
  555  0   -3.33     -3.03
  556  0   -2.85     -3.05
  557  0   -2.90     -3.23
  558  0   -2.67     -3.47
  559  0   -2.56     -3.66
  560  0   -2.46     -3.75
  561  0   -2.07     -3.90
  562  0   -1.93     -3.80
  563  0   -2.15     -3.79
  564  0   -2.20     -3.74
  565  0   -2.49     -3.46
  566  0   -2.48     -3.44
  567  0   -2.80     -3.34
  568  0   -3.78     -2.75
  569  0   -4.07     -1.97
  570  0   -3.87     -0.76
  571  0   -4.07     -0.10
  572  0   -4.23      0.48
  573  0   -3.87      0.72
  574  0   -4.12     -0.85
  575  0   -4.07     -1.01
  576  0   -3.61     -0.88
  577  0   -3.27     -0.39
  578  0   -3.39     -0.03
  579  0   -3.37      0.17
  580  0   -3.04      0.18
  581  0   -2.08      0.06
  582  0   -1.56     -0.02
  583  0   -1.71      0.07
  584  0   -1.31     -0.49
  585  0   -0.64     -0.83
  586  0   -0.12     -0.94
  587  0   -0.27     -0.63
  588  0   -0.13     -0.91
  589  0   -0.00     -1.09
  590  0    0.19     -1.14
  591  0    0.19     -1.31
  592  0   -0.47     -0.78
  593  0   -0.92      0.08
  594  0   -1.11      0.94
  595  0   -1.32      1.78
  596  0   -1.11      2.59
  597  0   -1.02      2.92
  598  0   -1.37      2.63
  599  0   -0.95      2.78
  600  0   -0.60      2.96
  601  0   -0.07      2.98
  602  0    0.41      2.98
  603  0    0.66      2.87
  604  0    0.84      2.31
  605  0    1.25      1.06
  606  0    1.30      1.12
  607  0    1.06      0.89
  608  0    1.14      0.32
  609  0    1.38      0.34
  610  0    0.80      0.17
  611  0    0.83     -0.19
  612  0    0.78     -0.40
  613  0    0.50     -0.42
  614  0    0.70     -0.57
  615  0    1.06     -0.30
  616  0    1.16     -0.03
  617  0    1.21      1.04
  618  0    0.65      2.03
  619  0    0.73      3.04
  620  0    0.66      4.04
  621  0    1.03      4.51
  622  0    1.26      4.04
  623  0    1.44      3.69
  624  0    1.17      3.54
  625  0    1.07      3.21
  626  0    1.07      3.23
  627  0    1.24      3.29
  628  0    1.20      3.34
  629  0    1.87      2.73
  630  0    2.06      2.39
  631  0    1.90      2.26
  632  0    2.25      1.67
  633  0    2.28      1.55
  634  0    2.07      0.14
  635  0    2.38     -0.39
  636  0    2.35     -1.03
  637  0    2.22     -0.98
  638  0    2.52     -0.82
  639  0    2.79     -0.47
  640  0    2.54     -0.09
  641  0    1.96      0.64
  642  0    1.86      1.24
  643  0    1.99      2.31
  644  0    2.08      3.23
  645  0    2.44      3.74
  646  0    3.10      3.37
  647  0    3.30      3.34
  648  0    3.25      2.73
  649  0    3.33      2.51
  650  0    3.51      2.14
  651  0    3.29      1.68
  652  0    3.07      1.43
  653  0    2.89      1.05
  654  0    2.99      0.89
  655  0    3.12      0.45
  656  0    3.17     -0.02
  657  0    3.30     -0.21
  658  0    2.92      0.21
  659  0    2.75     -0.19
  660  0    2.63     -0.29
  661  0    2.27     -0.32
  662  0    2.23     -0.31
  663  0    2.34     -0.37
  664  0    2.15     -0.38
  665  0    2.10      0.55
  666  0    1.92      1.62
  667  0    1.95      2.30
  668  0    2.30      2.40
  669  0    2.37      3.28
  670  0    1.60      3.24
  671  0    1.35      3.41
  672  0    0.95      2.95
  673  0    0.20      2.89
  674  0    0.65      2.56
  675  0    1.61      1.95
  676  0    2.14     -0.13
  677  0    1.73      0.15
  678  0    1.14      0.58
  679  0    0.98      0.45
  680  0    1.56      0.12
  681  0    1.86     -0.23
  682  0    0.90     -1.56
  683  0    0.34     -1.42
  684  0   -0.10     -0.74
  685  0   -0.26     -0.96
  686  0   -0.19     -1.17
  687  0   -0.30     -1.90
  688  0   -1.24     -2.21
  689  0   -1.67     -2.15
  690  0   -2.25     -1.36
  691  0   -2.74     -1.20
  692  0   -2.46     -1.03
  693  0   -2.36     -0.38
  694  0   -2.58     -0.27
  695  0   -2.29      0.01
  696  0   -2.31     -0.48
  697  0   -1.61     -0.63
  698  0   -2.02     -1.10
  699  0   -1.71     -1.36
  700  0   -1.05     -1.23
  701  0   -0.71     -0.73
  702  0   -0.44     -0.52
  703  0   -0.23     -0.59
  704  0    0.40     -0.74
  705  0    0.88     -1.04
  706  0   -0.23     -3.48
  707  0   -0.65     -3.78
  708  0   -0.98     -3.97
  709  0   -1.45     -3.51
  710  0   -2.08     -3.85
  711  0   -2.86     -3.88
  712  0   -2.95     -3.19
  713  0   -2.74     -2.88
  714  0   -2.56     -2.18
  715  0   -2.79     -1.17
  716  0   -3.39     -0.13
  717  0   -3.68      0.62
  718  0   -3.69      0.73
  719  0   -3.53      0.34
  720  0   -3.24      0.33
  721  0   -3.11      0.43
  722  0   -3.41     -0.10
  723  0   -3.48     -0.31
  724  0   -3.65     -0.10
  725  0   -3.36      0.19
  726  0   -3.19      1.15
  727  0   -2.69      1.50
  728  0   -2.49      1.35
  729  0   -2.18      0.67
  730  0   -1.24     -0.38
  731  0   -1.88     -0.81
  732  0   -2.46     -0.80
  733  0   -3.12     -0.34
  734  0   -3.73     -0.57
  735  0   -4.70     -0.13
  736  0   -5.70      0.12
  737  0   -6.37     -0.21
  738  0   -6.55     -0.55
  739  0   -6.74      0.01
  740  0   -6.49      0.10
  741  0   -6.37      0.04
  742  0   -6.35      0.22
  743  0   -6.41      0.45
  744  0   -6.18      0.68
  745  0   -6.73      0.53
